======== Last: 20210705 ========= 
Number is 02 
G.1.1_index_1_VS_G.5.5_index_4 [1] 
Ngay: 20210524,20210526,20210527,20210528,20210529,20210530,20210531,20210604,20210608,20210610,20210611,20210612,20210613,20210615,20210616,20210617,20210618,20210620,20210622,20210623,20210625,20210627,20210701 
Number is 17 
G.4.3_index_3_VS_G.4.3_index_1 [2] 
Ngay: 20210524,20210526,20210527,20210528,20210529,20210530,20210531,20210603,20210605,20210606,20210607,20210608,20210612,20210617,20210619,20210624,20210627,20210629 
Number is 18 
G.1.1_index_4_VS_G.7.2_index_1 [3] 
Ngay: 20210524,20210526,20210527,20210528,20210529,20210530,20210531,20210601,20210602,20210604,20210607,20210608,20210609,20210611,20210613,20210614,20210618,20210619,20210624,20210625,20210626,20210628,20210629,20210701,20210703 
Number is 26 
G.2.1_index_5_VS_G.3.6_index_1 [4] 
Ngay: 20210524,20210525,20210526,20210527,20210528,20210529,20210530,20210531,20210601,20210603,20210604,20210608,20210610,20210613,20210614,20210618,20210619,20210620,20210623,20210626,20210627,20210630,20210701,20210703,20210704 
Number is 27 
G.4.1_index_2_VS_G.4.3_index_1 [5] 
Ngay: 20210524,20210526,20210527,20210528,20210529,20210530,20210531,20210602,20210603,20210606,20210608,20210610,20210612,20210615,20210619,20210620,20210621,20210623,20210625,20210627,20210628,20210630,20210701 
Number is 51 
G.1.1_index_3_VS_G.4.3_index_3 [6] 
Ngay: 20210526,20210527,20210528,20210529,20210530,20210531,20210606,20210607,20210609,20210612,20210613,20210618,20210626,20210628,20210629 
Number is 66 
G.6.3_index_3_VS_G.3.1_index_2 [7] 
Ngay: 20210526,20210527,20210528,20210529,20210530,20210531,20210601,20210605,20210607,20210608,20210609,20210611,20210613,20210614,20210617,20210618,20210619,20210620,20210624,20210626,20210627,20210704 
Number is 75 
G.4.2_index_3_VS_G.3.4_index_3 [8] 
Ngay: 20210525,20210526,20210527,20210528,20210529,20210530,20210531,20210601,20210607,20210609,20210611,20210612,20210614,20210618,20210620,20210621,20210623,20210629,20210701,20210702,20210703,20210704 
Number is 76 
G.4.2_index_3_VS_G.3.2_index_2 [9] 
Ngay: 20210526,20210527,20210528,20210529,20210530,20210531,20210601,20210606,20210607,20210608,20210609,20210610,20210612,20210614,20210615,20210616,20210617,20210621,20210624,20210626,20210627,20210630,20210701,20210703 
Number is 80 
G.2.2_index_2_VS_G.3.5_index_2 [10] 
Ngay: 20210525,20210526,20210527,20210528,20210529,20210530,20210531,20210602,20210609,20210616,20210617,20210620,20210624,20210626,20210629 
Number is 97 
G.7.2_index_2_VS_G.4.2_index_3 [11] 
Ngay: 20210525,20210526,20210527,20210528,20210529,20210530,20210531,20210601,20210603,20210604,20210607,20210613,20210614,20210615,20210620,20210623,20210624,20210625,20210626,20210701,20210702,20210703 
