======== Current: 20210601 ========= 
Number is 09 
G.1.1_index_3_VS_G.4.3_index_3 [1] 
20210526,20210527,20210528,20210529,20210530,20210531,20210606,20210607,20210609,20210612,20210613,20210618,20210626,20210628,20210629 
Number is 25 
G.4.2_index_3_VS_G.3.4_index_3 [2] PLUS 1 
20210525,20210526,20210527,20210528,20210529,20210530,20210531,20210601,20210607,20210609,20210611,20210612,20210614,20210618,20210620,20210621,20210623,20210629,20210701,20210702,20210703,20210704 
G.4.2_index_3_VS_G.7.2_index_2 [3] PLUS 1 
20210525,20210526,20210527,20210528,20210529,20210530,20210531,20210601,20210603,20210604,20210607,20210613,20210614,20210615,20210620,20210623,20210624,20210625,20210626,20210701,20210702,20210703 
Number is 26 
G.7.2_index_1_VS_G.1.1_index_4 [4] PLUS 1 
20210524,20210526,20210527,20210528,20210529,20210530,20210531,20210601,20210602,20210604,20210607,20210608,20210609,20210611,20210613,20210614,20210618,20210619,20210624,20210625,20210626,20210628,20210629,20210701,20210703 
Number is 33 
G.2.2_index_2_VS_G.3.5_index_2 [5] 
20210525,20210526,20210527,20210528,20210529,20210530,20210531,20210602,20210609,20210616,20210617,20210620,20210624,20210626,20210629 
Number is 40 
G.3.1_index_2_VS_G.6.3_index_3 [6] PLUS 1 
20210526,20210527,20210528,20210529,20210530,20210531,20210601,20210605,20210607,20210608,20210609,20210611,20210613,20210614,20210617,20210618,20210619,20210620,20210624,20210626,20210627,20210704 
Number is 52 
G.3.2_index_2_VS_G.4.2_index_3 [7] PLUS 1 
20210526,20210527,20210528,20210529,20210530,20210531,20210601,20210606,20210607,20210608,20210609,20210610,20210612,20210614,20210615,20210616,20210617,20210621,20210624,20210626,20210627,20210630,20210701,20210703 
Number is 59 
G.4.1_index_2_VS_G.4.3_index_1 [8] 
20210524,20210526,20210527,20210528,20210529,20210530,20210531,20210602,20210603,20210606,20210608,20210610,20210612,20210615,20210619,20210620,20210621,20210623,20210625,20210627,20210628,20210630,20210701 
Number is 74 
G.2.1_index_5_VS_G.3.6_index_1 [9] PLUS 1 
20210524,20210525,20210526,20210527,20210528,20210529,20210530,20210531,20210601,20210603,20210604,20210608,20210610,20210613,20210614,20210618,20210619,20210620,20210623,20210626,20210627,20210630,20210701,20210703,20210704 
Number is 92 
G.1.1_index_1_VS_G.5.5_index_4 [10] 
20210524,20210526,20210527,20210528,20210529,20210530,20210531,20210604,20210608,20210610,20210611,20210612,20210613,20210615,20210616,20210617,20210618,20210620,20210622,20210623,20210625,20210627,20210701 
Number is 99 
G.4.3_index_3_VS_G.4.3_index_1 [11] 
20210524,20210526,20210527,20210528,20210529,20210530,20210531,20210603,20210605,20210606,20210607,20210608,20210612,20210617,20210619,20210624,20210627,20210629 
