======== Current: 20210602 ========= 
Number is 12 
G.7.2_index_1_VS_G.3.6_index_4 [1] PLUS 1 
20210524,20210527,20210528,20210529,20210530,20210531,20210601,20210602,20210603,20210608,20210611,20210613,20210616,20210617,20210618,20210619,20210622,20210624,20210625,20210627,20210630,20210702 
Number is 14 
G.4.2_index_3_VS_G.3.2_index_2 [2] 
20210526,20210527,20210528,20210529,20210530,20210531,20210601,20210606,20210607,20210608,20210609,20210610,20210612,20210614,20210615,20210616,20210617,20210621,20210624,20210626,20210627,20210630,20210701,20210703 
Number is 16 
G.4.2_index_3_VS_G.7.2_index_2 [3] 
20210525,20210526,20210527,20210528,20210529,20210530,20210531,20210601,20210603,20210604,20210607,20210613,20210614,20210615,20210620,20210623,20210624,20210625,20210626,20210701,20210702,20210703 
Number is 17 
G.4.2_index_3_VS_G.3.4_index_3 [4] 
20210525,20210526,20210527,20210528,20210529,20210530,20210531,20210601,20210607,20210609,20210611,20210612,20210614,20210618,20210620,20210621,20210623,20210629,20210701,20210702,20210703,20210704 
Number is 18 
G.7.2_index_1_VS_G.1.1_index_4 [5] PLUS 1 
20210524,20210526,20210527,20210528,20210529,20210530,20210531,20210601,20210602,20210604,20210607,20210608,20210609,20210611,20210613,20210614,20210618,20210619,20210624,20210625,20210626,20210628,20210629,20210701,20210703 
Number is 23 
G.3.6_index_1_VS_G.3.5_index_5 [6] 
20210524,20210527,20210528,20210529,20210530,20210531,20210601,20210603,20210606,20210607,20210611,20210614,20210617,20210619,20210625,20210630,20210701 
G.3.1_index_1_VS_G.5.5_index_4 [7] 
20210524,20210525,20210527,20210528,20210529,20210530,20210531,20210601,20210603,20210612,20210614,20210615,20210616,20210619,20210622,20210623,20210626,20210627,20210628,20210629,20210701,20210702 
Number is 44 
G.3.2_index_2_VS_G.5.6_index_3 [8] 
20210527,20210528,20210529,20210530,20210531,20210601,20210608,20210612,20210616,20210619,20210622,20210626,20210627,20210630,20210701,20210703 
Number is 47 
G.5.2_index_3_VS_G.3.6_index_2 [9] 
20210524,20210527,20210528,20210529,20210530,20210531,20210601,20210604,20210606,20210610,20210611,20210612,20210613,20210614,20210616,20210618,20210626,20210701,20210704 
Number is 61 
G.2.2_index_1_VS_G.3.1_index_2 [10] 
20210525,20210527,20210528,20210529,20210530,20210531,20210601,20210606,20210607,20210608,20210609,20210614,20210615,20210616,20210617,20210620,20210621,20210622,20210623,20210624,20210626,20210627,20210628,20210701,20210702 
Number is 62 
G.6.1_index_2_VS_G.3.6_index_1 [11] 
20210527,20210528,20210529,20210530,20210531,20210601,20210603,20210605,20210606,20210608,20210609,20210613,20210614,20210616,20210618,20210619,20210621,20210622,20210623,20210628 
Number is 64 
G.5.1_index_1_VS_G.5.2_index_3 [12] 
20210527,20210528,20210529,20210530,20210531,20210601,20210603,20210606,20210607,20210611,20210612,20210618,20210621,20210623,20210624,20210626,20210629,20210630,20210702,20210703,20210704 
G.2.2_index_1_VS_G.5.2_index_1 [13] 
20210527,20210528,20210529,20210530,20210531,20210601,20210605,20210607,20210612,20210614,20210616,20210617,20210618,20210620,20210623,20210626,20210629,20210630,20210701,20210702 
Number is 71 
G.6.3_index_3_VS_G.3.1_index_2 [14] 
20210526,20210527,20210528,20210529,20210530,20210531,20210601,20210605,20210607,20210608,20210609,20210611,20210613,20210614,20210617,20210618,20210619,20210620,20210624,20210626,20210627,20210704 
Number is 72 
G.2.1_index_5_VS_G.3.6_index_1 [15] 
20210524,20210525,20210526,20210527,20210528,20210529,20210530,20210531,20210601,20210603,20210604,20210608,20210610,20210613,20210614,20210618,20210619,20210620,20210623,20210626,20210627,20210630,20210701,20210703,20210704 
G.2.2_index_4_VS_G.3.1_index_1 [16] 
20210524,20210527,20210528,20210529,20210530,20210531,20210601,20210604,20210607,20210613,20210619,20210620,20210621,20210622,20210623,20210625,20210626,20210627,20210628,20210630,20210702 
Number is 74 
G.3.6_index_2_VS_G.5.6_index_3 [17] 
20210524,20210525,20210527,20210528,20210529,20210530,20210531,20210601,20210603,20210604,20210607,20210608,20210610,20210611,20210613,20210614,20210616,20210622,20210704 
Number is 77 
G.5.3_index_2_VS_G.2.1_index_5 [18] 
20210524,20210525,20210527,20210528,20210529,20210530,20210531,20210601,20210603,20210608,20210609,20210611,20210613,20210616,20210619,20210620,20210623,20210624,20210626,20210627,20210701,20210703,20210704 
Number is 81 
G.4.4_index_4_VS_G.7.2_index_1 [19] PLUS 1 
20210527,20210528,20210529,20210530,20210531,20210601,20210602,20210605,20210607,20210609,20210611,20210615,20210616,20210618,20210621,20210622,20210624,20210627,20210628,20210630,20210701,20210704 
Number is 84 
G.7.3_index_2_VS_G.4.2_index_4 [20] PLUS 1 
20210527,20210528,20210529,20210530,20210531,20210601,20210602,20210606,20210609,20210610,20210612,20210619,20210621,20210622,20210625,20210626,20210630 
