======== Current: 20210603 ========= 
Number is 10 
G.4.3_index_3_VS_G.1.1_index_5 [1] PLUS 1 
20210524,20210525,20210526,20210528,20210529,20210530,20210531,20210601,20210602,20210603,20210606,20210607,20210609,20210611,20210612,20210617,20210622,20210625,20210627,20210628 
Number is 17 
G.5.3_index_2_VS_G.4.4_index_2 [2] PLUS 1 
20210524,20210528,20210529,20210530,20210531,20210601,20210602,20210603,20210606,20210607,20210611,20210613,20210615,20210617,20210622,20210623,20210624,20210626,20210627,20210628,20210701,20210704 
Number is 29 
G.7.3_index_2_VS_G.3.6_index_4 [3] 
20210524,20210528,20210529,20210530,20210531,20210601,20210602,20210604,20210606,20210608,20210611,20210613,20210615,20210616,20210617,20210618,20210619,20210621,20210624,20210625,20210703 
Number is 59 
G.6.2_index_2_VS_G.3.1_index_5 [4] 
20210525,20210526,20210528,20210529,20210530,20210531,20210601,20210602,20210604,20210608,20210611,20210616,20210618,20210619,20210621,20210624,20210701,20210703 
Number is 62 
G.4.2_index_4_VS_G.7.3_index_2 [5] 
20210527,20210528,20210529,20210530,20210531,20210601,20210602,20210606,20210609,20210610,20210612,20210619,20210621,20210622,20210625,20210626,20210630 
Number is 75 
G.4.1_index_1_VS_G.3.5_index_3 [6] 
20210526,20210528,20210529,20210530,20210531,20210601,20210602,20210604,20210607,20210608,20210609,20210614,20210618,20210619,20210620,20210622,20210624,20210625,20210630 
Number is 83 
G.7.2_index_1_VS_G.4.4_index_4 [7] 
20210527,20210528,20210529,20210530,20210531,20210601,20210602,20210605,20210607,20210609,20210611,20210615,20210616,20210618,20210621,20210622,20210624,20210627,20210628,20210630,20210701,20210704 
Number is 85 
G.7.2_index_1_VS_G.6.2_index_2 [8] 
20210524,20210525,20210528,20210529,20210530,20210531,20210601,20210602,20210608,20210609,20210610,20210613,20210616,20210621,20210622,20210624,20210626,20210627,20210628,20210629,20210701,20210702,20210703 
G.7.2_index_1_VS_G.1.1_index_4 [9] 
20210524,20210526,20210527,20210528,20210529,20210530,20210531,20210601,20210602,20210604,20210607,20210608,20210609,20210611,20210613,20210614,20210618,20210619,20210624,20210625,20210626,20210628,20210629,20210701,20210703 
Number is 93 
G.4.2_index_3_VS_G.4.4_index_4 [10] 
20210525,20210528,20210529,20210530,20210531,20210601,20210602,20210604,20210605,20210606,20210607,20210609,20210610,20210613,20210614,20210615,20210616,20210617,20210624,20210626,20210628 
Number is 95 
G.2.2_index_4_VS_G.3.5_index_4 [11] 
20210525,20210526,20210528,20210529,20210530,20210531,20210601,20210602,20210607,20210608,20210611,20210612,20210613,20210614,20210619,20210623,20210627,20210628,20210629,20210630 
Number is 98 
G.3.6_index_4_VS_G.7.2_index_1 [12] PLUS 1 
20210524,20210527,20210528,20210529,20210530,20210531,20210601,20210602,20210603,20210608,20210611,20210613,20210616,20210617,20210618,20210619,20210622,20210624,20210625,20210627,20210630,20210702 
