======== Last: 20210705 ========= 
Number is 00 
G.3.5_index_2_VS_G.3.2_index_1 [1] 
Ngay: 20210524,20210529,20210530,20210531,20210601,20210602,20210603,20210607,20210610,20210611,20210614,20210615,20210619,20210623,20210625,20210629,20210630,20210701,20210702,20210703,20210704 
Number is 05 
G.3.5_index_2_VS_G.3.4_index_3 [2] 
Ngay: 20210525,20210529,20210530,20210531,20210601,20210602,20210603,20210605,20210612,20210615,20210616,20210617,20210620,20210622,20210623,20210624,20210625,20210629,20210630,20210701,20210703,20210704 
Number is 21 
G.2.1_index_5_VS_G.6.3_index_2 [3] 
Ngay: 20210525,20210526,20210529,20210530,20210531,20210601,20210602,20210603,20210606,20210608,20210609,20210613,20210614,20210615,20210617,20210618,20210619,20210622,20210623,20210624,20210628,20210630,20210701,20210703 
G.1.1_index_5_VS_G.4.3_index_3 [4] 
Ngay: 20210524,20210525,20210526,20210528,20210529,20210530,20210531,20210601,20210602,20210603,20210606,20210607,20210609,20210611,20210612,20210617,20210622,20210625,20210627,20210628 
Number is 22 
G.4.4_index_2_VS_G.5.2_index_2 [5] 
Ngay: 20210525,20210527,20210529,20210530,20210531,20210601,20210602,20210603,20210604,20210610,20210612,20210615,20210617,20210619,20210623,20210624,20210626,20210630,20210701,20210704 
Number is 23 
G.2.1_index_5_VS_G.3.3_index_4 [6] 
Ngay: 20210529,20210530,20210531,20210601,20210602,20210603,20210605,20210608,20210609,20210610,20210611,20210618,20210619,20210620,20210621,20210622,20210626,20210703 
Number is 24 
G.4.4_index_2_VS_G.5.3_index_2 [7] 
Ngay: 20210524,20210528,20210529,20210530,20210531,20210601,20210602,20210603,20210606,20210607,20210611,20210613,20210615,20210617,20210622,20210623,20210624,20210626,20210627,20210628,20210701,20210704 
Number is 59 
G.5.1_index_2_VS_G.2.2_index_5 [8] 
Ngay: 20210524,20210526,20210529,20210530,20210531,20210601,20210602,20210603,20210604,20210606,20210608,20210609,20210610,20210613,20210615,20210618,20210621,20210622,20210623,20210626,20210627,20210630 
Number is 62 
G.6.3_index_1_VS_G.2.1_index_5 [9] 
Ngay: 20210529,20210530,20210531,20210601,20210602,20210603,20210605,20210606,20210607,20210612,20210615,20210618,20210619,20210620,20210622,20210623,20210624,20210626,20210628,20210629,20210630,20210701,20210704 
Number is 68 
G.3.6_index_4_VS_G.7.2_index_1 [10] 
Ngay: 20210524,20210527,20210528,20210529,20210530,20210531,20210601,20210602,20210603,20210608,20210611,20210613,20210616,20210617,20210618,20210619,20210622,20210624,20210625,20210627,20210630,20210702 
Number is 85 
G.4.4_index_4_VS_G.3.1_index_1 [11] 
Ngay: 20210524,20210525,20210529,20210530,20210531,20210601,20210602,20210603,20210604,20210605,20210609,20210610,20210612,20210614,20210619,20210620,20210621,20210622,20210623,20210624,20210625,20210626,20210628,20210629,20210630,20210702,20210703 
Number is 88 
G.7.2_index_1_VS_G.2.2_index_2 [12] 
Ngay: 20210527,20210529,20210530,20210531,20210601,20210602,20210603,20210605,20210606,20210607,20210608,20210609,20210616,20210619,20210623,20210625,20210626,20210627,20210628,20210703 
Number is 90 
G.7.2_index_2_VS_G.3.5_index_2 [13] 
Ngay: 20210527,20210529,20210530,20210531,20210601,20210602,20210603,20210611,20210613,20210615,20210617,20210618,20210620,20210621,20210622,20210623,20210628,20210630,20210701,20210702 
Number is 94 
G.5.1_index_1_VS_G.3.2_index_4 [14] 
Ngay: 20210524,20210525,20210527,20210529,20210530,20210531,20210601,20210602,20210603,20210605,20210606,20210608,20210610,20210611,20210612,20210614,20210615,20210617,20210618,20210621,20210622,20210624,20210627,20210629,20210630,20210702,20210704 
G.2.2_index_5_VS_G.3.2_index_4 [15] 
Ngay: 20210524,20210525,20210529,20210530,20210531,20210601,20210602,20210603,20210605,20210606,20210610,20210611,20210614,20210620,20210623,20210624,20210625,20210627,20210628,20210629,20210703,20210704 
