======== Current: 20210605 ========= 
Number is 05 
G.2.1_index_5_VS_G.1.1_index_4 [1] 
20210524,20210525,20210528,20210530,20210531,20210601,20210602,20210603,20210604,20210607,20210608,20210609,20210611,20210612,20210613,20210614,20210618,20210619,20210620,20210626,20210627,20210629,20210701,20210702,20210703 
Number is 18 
G.3.4_index_2_VS_G.4.3_index_2 [2] PLUS 1 
20210530,20210531,20210601,20210602,20210603,20210604,20210605,20210607,20210611,20210616,20210625,20210627,20210629,20210701 
Number is 30 
G.6.2_index_1_VS_G.DB_index_2 [3] 
20210528,20210530,20210531,20210601,20210602,20210603,20210604,20210606,20210608,20210610,20210612,20210613,20210616,20210620,20210621,20210622,20210628 
Number is 33 
G.6.2_index_1_VS_G.7.3_index_2 [4] PLUS 1 
20210525,20210526,20210527,20210528,20210530,20210531,20210601,20210602,20210603,20210604,20210605,20210609,20210610,20210611,20210612,20210618,20210619,20210620,20210624,20210627,20210628,20210703 
Number is 37 
G.2.2_index_2_VS_G.7.2_index_2 [5] 
20210530,20210531,20210601,20210602,20210603,20210604,20210607,20210611,20210616,20210619,20210621,20210622,20210624,20210626,20210628,20210629,20210630 
Number is 47 
G.5.2_index_4_VS_G.3.5_index_2 [6] 
20210524,20210526,20210530,20210531,20210601,20210602,20210603,20210604,20210609,20210611,20210615,20210616,20210622,20210623,20210626,20210627,20210630,20210702,20210704 
Number is 48 
G.4.4_index_4_VS_G.3.1_index_1 [7] PLUS 1 
20210524,20210525,20210529,20210530,20210531,20210601,20210602,20210603,20210604,20210605,20210609,20210610,20210612,20210614,20210619,20210620,20210621,20210622,20210623,20210624,20210625,20210626,20210628,20210629,20210630,20210702,20210703 
Number is 64 
G.4.4_index_2_VS_G.5.2_index_2 [8] 
20210525,20210527,20210529,20210530,20210531,20210601,20210602,20210603,20210604,20210610,20210612,20210615,20210617,20210619,20210623,20210624,20210626,20210630,20210701,20210704 
Number is 77 
G.5.1_index_2_VS_G.2.2_index_5 [9] 
20210524,20210526,20210529,20210530,20210531,20210601,20210602,20210603,20210604,20210606,20210608,20210609,20210610,20210613,20210615,20210618,20210621,20210622,20210623,20210626,20210627,20210630 
Number is 83 
G.1.1_index_3_VS_G.2.2_index_2 [10] 
20210527,20210528,20210530,20210531,20210601,20210602,20210603,20210604,20210606,20210607,20210609,20210611,20210614,20210621,20210622,20210625,20210626,20210630,20210703,20210704 
