======== Last: 20210705 ========= 
Number is 26 
G.2.2_index_3_VS_G.3.6_index_4 [1] 
Ngay: 20210531,20210601,20210602,20210603,20210604,20210605,20210608,20210609,20210614,20210616,20210617,20210620,20210622,20210625,20210626,20210627,20210704 
G.2.2_index_3_VS_G.4.2_index_1 [2] 
Ngay: 20210524,20210531,20210601,20210602,20210603,20210604,20210605,20210606,20210607,20210608,20210609,20210610,20210613,20210616,20210618,20210619,20210622,20210702 
Number is 28 
G.3.3_index_2_VS_G.3.6_index_2 [3] 
Ngay: 20210524,20210527,20210529,20210531,20210601,20210602,20210603,20210604,20210605,20210606,20210609,20210612,20210613,20210614,20210615,20210623,20210627,20210629 
Number is 36 
G.6.2_index_1_VS_G.7.3_index_2 [4] 
Ngay: 20210525,20210526,20210527,20210528,20210530,20210531,20210601,20210602,20210603,20210604,20210605,20210609,20210610,20210611,20210612,20210618,20210619,20210620,20210624,20210627,20210628,20210703 
Number is 37 
G.4.1_index_1_VS_G.3.1_index_3 [5] 
Ngay: 20210526,20210527,20210531,20210601,20210602,20210603,20210604,20210605,20210608,20210609,20210616,20210617,20210623,20210624,20210628,20210629,20210630,20210704 
Number is 71 
G.3.4_index_2_VS_G.4.3_index_2 [6] 
Ngay: 20210530,20210531,20210601,20210602,20210603,20210604,20210605,20210607,20210611,20210616,20210625,20210627,20210629,20210701 
Number is 78 
G.4.1_index_4_VS_G.3.6_index_2 [7] 
Ngay: 20210524,20210527,20210528,20210531,20210601,20210602,20210603,20210604,20210605,20210610,20210611,20210612,20210613,20210615,20210616,20210617,20210618,20210621,20210623,20210624,20210625,20210627,20210628 
Number is 85 
G.4.4_index_4_VS_G.3.1_index_1 [8] 
Ngay: 20210524,20210525,20210529,20210530,20210531,20210601,20210602,20210603,20210604,20210605,20210609,20210610,20210612,20210614,20210619,20210620,20210621,20210622,20210623,20210624,20210625,20210626,20210628,20210629,20210630,20210702,20210703 
Number is 86 
G.7.4_index_1_VS_G.7.3_index_2 [9] 
Ngay: 20210524,20210527,20210528,20210529,20210531,20210601,20210602,20210603,20210604,20210605,20210608,20210609,20210610,20210612,20210617,20210619,20210620,20210622,20210630 
