======== Last: 20210705 ========= 
Number is 05 
G.1.1_index_1_VS_G.3.4_index_5 [1] 
Ngay: 20210601,20210602,20210603,20210604,20210605,20210606,20210607,20210609,20210612,20210613,20210614,20210619,20210620,20210621,20210622,20210623,20210626 
Number is 16 
G.DB_index_2_VS_G.6.3_index_1 [2] 
Ngay: 20210530,20210601,20210602,20210603,20210604,20210605,20210606,20210613,20210614,20210616,20210620,20210621,20210622,20210624,20210625,20210626,20210628,20210629,20210701 
Number is 18 
G.4.3_index_3_VS_G.2.2_index_2 [3] 
Ngay: 20210601,20210602,20210603,20210604,20210605,20210606,20210609,20210612,20210614,20210620,20210621,20210622,20210627,20210629,20210630,20210704 
Number is 26 
G.2.2_index_3_VS_G.4.2_index_1 [4] 
Ngay: 20210531,20210601,20210602,20210603,20210604,20210605,20210606,20210607,20210608,20210609,20210610,20210613,20210616,20210618,20210619,20210622,20210702 
Number is 28 
G.3.3_index_2_VS_G.3.6_index_2 [5] 
Ngay: 20210531,20210601,20210602,20210603,20210604,20210605,20210606,20210609,20210612,20210613,20210614,20210615,20210623,20210627,20210629 
Number is 38 
G.4.1_index_1_VS_G.4.4_index_4 [6] 
Ngay: 20210530,20210601,20210602,20210603,20210604,20210605,20210606,20210608,20210610,20210616,20210617,20210618,20210619,20210625,20210628,20210701,20210704 
Number is 40 
G.6.1_index_1_VS_G.3.5_index_5 [7] 
Ngay: 20210530,20210601,20210602,20210603,20210604,20210605,20210606,20210607,20210610,20210611,20210612,20210613,20210614,20210617,20210618,20210619,20210622,20210623 
Number is 45 
G.5.3_index_4_VS_G.6.1_index_2 [8] 
Ngay: 20210601,20210602,20210603,20210604,20210605,20210606,20210607,20210608,20210610,20210612,20210613,20210614,20210622,20210623 
Number is 59 
G.3.4_index_5_VS_G.5.4_index_2 [9] 
Ngay: 20210530,20210601,20210602,20210603,20210604,20210605,20210606,20210607,20210608,20210610,20210612,20210617,20210619,20210620,20210621,20210623,20210626,20210627,20210630,20210701,20210702,20210703 
G.3.4_index_5_VS_G.DB_index_1 [10] 
Ngay: 20210601,20210602,20210603,20210604,20210605,20210606,20210607,20210608,20210609,20210610,20210611,20210616,20210618,20210622,20210623,20210624,20210625,20210629,20210702 
Number is 62 
G.5.3_index_1_VS_G.7.3_index_1 [11] 
Ngay: 20210530,20210601,20210602,20210603,20210604,20210605,20210606,20210609,20210610,20210614,20210615,20210616,20210617,20210619,20210623,20210624,20210625,20210626,20210627,20210629,20210702 
Number is 64 
G.7.3_index_2_VS_G.6.1_index_1 [12] 
Ngay: 20210601,20210602,20210603,20210604,20210605,20210606,20210609,20210610,20210613,20210616,20210617,20210618,20210619,20210621,20210622,20210624,20210625,20210629 
Number is 67 
G.7.3_index_2_VS_G.4.3_index_1 [13] 
Ngay: 20210601,20210602,20210603,20210604,20210605,20210606,20210609,20210611,20210612,20210615,20210617,20210619,20210621,20210622,20210624,20210627,20210630,20210703,20210704 
Number is 78 
G.6.1_index_3_VS_G.3.1_index_4 [14] 
Ngay: 20210530,20210601,20210602,20210603,20210604,20210605,20210606,20210609,20210614,20210616,20210617,20210618,20210620,20210626,20210627,20210629,20210702,20210704 
Number is 81 
G.3.6_index_2_VS_G.4.3_index_3 [15] 
Ngay: 20210601,20210602,20210603,20210604,20210605,20210606,20210607,20210615,20210617,20210619,20210624,20210627,20210628,20210629 
Number is 82 
G.3.6_index_2_VS_G.5.4_index_1 [16] 
Ngay: 20210530,20210601,20210602,20210603,20210604,20210605,20210606,20210609,20210612,20210614,20210615,20210616,20210617,20210619,20210622,20210627,20210628,20210629,20210704 
Number is 92 
G.1.1_index_2_VS_G.5.4_index_1 [17] 
Ngay: 20210601,20210602,20210603,20210604,20210605,20210606,20210608,20210609,20210610,20210612,20210616,20210617,20210622,20210626,20210628,20210629,20210701,20210702,20210703,20210704 
