======== Current: 20210607 ========= 
Number is 00 
G.4.3_index_3_VS_G.2.2_index_2 [1] 
20210601,20210602,20210603,20210604,20210605,20210606,20210609,20210612,20210614,20210620,20210621,20210622,20210627,20210629,20210630,20210704 
Number is 02 
G.7.3_index_1_VS_G.5.3_index_1 [2] 
20210530,20210601,20210602,20210603,20210604,20210605,20210606,20210609,20210610,20210614,20210615,20210616,20210617,20210619,20210623,20210624,20210625,20210626,20210627,20210629,20210702 
Number is 12 
G.6.1_index_1_VS_G.7.3_index_2 [3] 
20210601,20210602,20210603,20210604,20210605,20210606,20210609,20210610,20210613,20210616,20210617,20210618,20210619,20210621,20210622,20210624,20210625,20210629 
Number is 19 
G.6.1_index_1_VS_G.3.5_index_5 [4] PLUS 1 
20210530,20210601,20210602,20210603,20210604,20210605,20210606,20210607,20210610,20210611,20210612,20210613,20210614,20210617,20210618,20210619,20210622,20210623 
Number is 28 
G.7.3_index_2_VS_G.4.3_index_1 [5] 
20210601,20210602,20210603,20210604,20210605,20210606,20210609,20210611,20210612,20210615,20210617,20210619,20210621,20210622,20210624,20210627,20210630,20210703,20210704 
Number is 31 
G.4.1_index_1_VS_G.4.4_index_4 [6] 
20210530,20210601,20210602,20210603,20210604,20210605,20210606,20210608,20210610,20210616,20210617,20210618,20210619,20210625,20210628,20210701,20210704 
Number is 34 
G.2.2_index_3_VS_G.4.2_index_1 [7] PLUS 1 
20210531,20210601,20210602,20210603,20210604,20210605,20210606,20210607,20210608,20210609,20210610,20210613,20210616,20210618,20210619,20210622,20210702 
Number is 42 
G.6.1_index_2_VS_G.5.3_index_4 [8] PLUS 1 
20210601,20210602,20210603,20210604,20210605,20210606,20210607,20210608,20210610,20210612,20210613,20210614,20210622,20210623 
Number is 52 
G.3.4_index_5_VS_G.DB_index_1 [9] PLUS 1 
20210601,20210602,20210603,20210604,20210605,20210606,20210607,20210608,20210609,20210610,20210611,20210616,20210618,20210622,20210623,20210624,20210625,20210629,20210702 
Number is 53 
G.3.1_index_4_VS_G.6.1_index_3 [10] 
20210530,20210601,20210602,20210603,20210604,20210605,20210606,20210609,20210614,20210616,20210617,20210618,20210620,20210626,20210627,20210629,20210702,20210704 
Number is 60 
G.5.4_index_1_VS_G.1.1_index_2 [11] 
20210601,20210602,20210603,20210604,20210605,20210606,20210608,20210609,20210610,20210612,20210616,20210617,20210622,20210626,20210628,20210629,20210701,20210702,20210703,20210704 
Number is 69 
G.5.4_index_1_VS_G.3.6_index_2 [12] 
20210530,20210601,20210602,20210603,20210604,20210605,20210606,20210609,20210612,20210614,20210615,20210616,20210617,20210619,20210622,20210627,20210628,20210629,20210704 
G.DB_index_2_VS_G.6.3_index_1 [13] 
20210530,20210601,20210602,20210603,20210604,20210605,20210606,20210613,20210614,20210616,20210620,20210621,20210622,20210624,20210625,20210626,20210628,20210629,20210701 
G.3.3_index_2_VS_G.3.6_index_2 [14] 
20210531,20210601,20210602,20210603,20210604,20210605,20210606,20210609,20210612,20210613,20210614,20210615,20210623,20210627,20210629 
Number is 90 
G.3.6_index_2_VS_G.4.3_index_3 [15] PLUS 1 
20210601,20210602,20210603,20210604,20210605,20210606,20210607,20210615,20210617,20210619,20210624,20210627,20210628,20210629 
Number is 95 
G.5.4_index_2_VS_G.3.4_index_5 [16] PLUS 1 
20210530,20210601,20210602,20210603,20210604,20210605,20210606,20210607,20210608,20210610,20210612,20210617,20210619,20210620,20210621,20210623,20210626,20210627,20210630,20210701,20210702,20210703 
G.1.1_index_1_VS_G.3.4_index_5 [17] PLUS 1 
20210601,20210602,20210603,20210604,20210605,20210606,20210607,20210609,20210612,20210613,20210614,20210619,20210620,20210621,20210622,20210623,20210626 
