======== Current: 20210608 ========= 
Number is 01 
G.3.6_index_5_VS_G.4.4_index_4 [1] PLUS 1 
20210530,20210602,20210603,20210604,20210605,20210606,20210607,20210608,20210609,20210610,20210611,20210612,20210614,20210615,20210616,20210617,20210621,20210623,20210625 
Number is 04 
G.1.1_index_1_VS_G.3.4_index_5 [2] 
20210601,20210602,20210603,20210604,20210605,20210606,20210607,20210609,20210612,20210613,20210614,20210619,20210620,20210621,20210622,20210623,20210626 
Number is 24 
G.2.2_index_3_VS_G.4.2_index_1 [3] PLUS 1 
20210531,20210601,20210602,20210603,20210604,20210605,20210606,20210607,20210608,20210609,20210610,20210613,20210616,20210618,20210619,20210622,20210702 
Number is 29 
G.6.1_index_2_VS_G.5.3_index_4 [4] PLUS 1 
20210601,20210602,20210603,20210604,20210605,20210606,20210607,20210608,20210610,20210612,20210613,20210614,20210622,20210623 
Number is 31 
G.6.1_index_1_VS_G.3.5_index_5 [5] 
20210530,20210601,20210602,20210603,20210604,20210605,20210606,20210607,20210610,20210611,20210612,20210613,20210614,20210617,20210618,20210619,20210622,20210623 
Number is 42 
G.6.2_index_1_VS_G.6.3_index_1 [6] PLUS 1 
20210530,20210602,20210603,20210604,20210605,20210606,20210607,20210608,20210612,20210614,20210617,20210618,20210620,20210624,20210625,20210626,20210627,20210701 
Number is 48 
G.3.4_index_5_VS_G.DB_index_1 [7] PLUS 1 
20210601,20210602,20210603,20210604,20210605,20210606,20210607,20210608,20210609,20210610,20210611,20210616,20210618,20210622,20210623,20210624,20210625,20210629,20210702 
Number is 77 
G.3.6_index_2_VS_G.4.3_index_3 [8] 
20210601,20210602,20210603,20210604,20210605,20210606,20210607,20210615,20210617,20210619,20210624,20210627,20210628,20210629 
Number is 78 
G.4.3_index_3_VS_G.5.6_index_1 [9] 
20210602,20210603,20210604,20210605,20210606,20210607,20210610,20210612,20210615,20210619,20210620,20210621,20210622,20210627,20210629,20210702 
Number is 84 
G.5.4_index_2_VS_G.3.4_index_5 [10] PLUS 1 
20210530,20210601,20210602,20210603,20210604,20210605,20210606,20210607,20210608,20210610,20210612,20210617,20210619,20210620,20210621,20210623,20210626,20210627,20210630,20210701,20210702,20210703 
Number is 92 
G.4.1_index_2_VS_G.DB_index_2 [11] PLUS 1 
20210530,20210531,20210602,20210603,20210604,20210605,20210606,20210607,20210608,20210613,20210617,20210619,20210621,20210624,20210626,20210628,20210629,20210701 
Number is 96 
G.4.1_index_3_VS_G.5.4_index_3 [12] PLUS 1 
20210530,20210531,20210602,20210603,20210604,20210605,20210606,20210607,20210608,20210610,20210611,20210612,20210621,20210623,20210626,20210628,20210701,20210703 
