======== Current: 20210610 ========= 
Number is 02 
G.6.1_index_2_VS_G.3.1_index_5 [1] PLUS 1 
20210603,20210604,20210605,20210606,20210607,20210608,20210609,20210610,20210612,20210613,20210614,20210615,20210617,20210622,20210624,20210627,20210703 
Number is 14 
G.2.2_index_3_VS_G.2.2_index_1 [2] PLUS 1 
20210601,20210604,20210605,20210606,20210607,20210608,20210609,20210610,20210614,20210615,20210616,20210617,20210620,20210622,20210623,20210625,20210626,20210627,20210630,20210701,20210702,20210703 
G.5.6_index_4_VS_G.5.2_index_4 [3] PLUS 1 
20210604,20210605,20210606,20210607,20210608,20210609,20210610,20210615,20210616,20210621,20210622,20210626,20210629,20210630 
Number is 17 
G.2.2_index_3_VS_G.3.4_index_2 [4] PLUS 1 
20210530,20210601,20210604,20210605,20210606,20210607,20210608,20210609,20210610,20210612,20210613,20210614,20210617,20210620,20210621,20210623 
Number is 19 
G.5.6_index_4_VS_G.6.1_index_3 [5] 
20210601,20210604,20210605,20210606,20210607,20210608,20210609,20210612,20210613,20210614,20210616,20210617,20210618,20210619,20210620,20210621,20210626,20210629,20210630,20210701 
Number is 23 
G.6.2_index_3_VS_G.6.3_index_2 [6] 
20210530,20210531,20210601,20210602,20210604,20210605,20210606,20210607,20210608,20210609,20210613,20210614,20210616,20210619,20210620,20210621,20210622,20210623,20210625,20210701,20210704 
Number is 24 
G.3.3_index_2_VS_G.2.1_index_4 [7] 
20210531,20210602,20210604,20210605,20210606,20210607,20210608,20210609,20210612,20210613,20210617,20210620,20210621,20210627,20210701,20210702 
Number is 25 
G.5.2_index_1_VS_G.4.1_index_3 [8] PLUS 1 
20210531,20210604,20210605,20210606,20210607,20210608,20210609,20210610,20210612,20210617,20210623,20210624,20210625,20210626,20210702 
Number is 31 
G.7.4_index_2_VS_G.3.6_index_2 [9] 
20210530,20210531,20210601,20210604,20210605,20210606,20210607,20210608,20210609,20210611,20210612,20210613,20210615,20210617,20210620,20210622,20210625,20210628,20210630,20210704 
Number is 33 
G.2.1_index_5_VS_G.2.1_index_1 [10] 
20210601,20210604,20210605,20210606,20210607,20210608,20210609,20210613,20210618,20210620,20210621,20210629,20210701,20210702,20210703 
Number is 38 
G.7.4_index_2_VS_G.5.3_index_4 [11] 
20210531,20210601,20210604,20210605,20210606,20210607,20210608,20210609,20210612,20210617,20210623,20210624,20210627,20210628,20210702 
G.4.3_index_3_VS_G.7.2_index_1 [12] 
20210604,20210605,20210606,20210607,20210608,20210609,20210611,20210612,20210613,20210616,20210619,20210621,20210626,20210627,20210628,20210629 
Number is 39 
G.7.4_index_2_VS_G.DB_index_5 [13] 
20210531,20210601,20210603,20210604,20210605,20210606,20210607,20210608,20210609,20210612,20210614,20210616,20210617,20210618,20210620,20210622,20210623,20210624,20210625,20210627,20210630,20210701,20210703 
Number is 40 
G.4.1_index_1_VS_G.3.5_index_5 [14] 
20210602,20210604,20210605,20210606,20210607,20210608,20210609,20210613,20210614,20210617,20210619,20210622,20210627,20210701 
G.5.2_index_4_VS_G.4.3_index_2 [15] 
20210531,20210601,20210604,20210605,20210606,20210607,20210608,20210609,20210611,20210612,20210624,20210625,20210629,20210630,20210701,20210702 
Number is 49 
G.5.2_index_4_VS_G.DB_index_5 [16] 
20210531,20210603,20210604,20210605,20210606,20210607,20210608,20210609,20210616,20210621,20210622,20210623,20210624,20210626,20210627,20210702,20210703,20210704 
Number is 50 
G.4.4_index_4_VS_G.6.1_index_2 [17] PLUS 1 
20210531,20210601,20210604,20210605,20210606,20210607,20210608,20210609,20210610,20210611,20210612,20210614,20210617,20210619,20210623,20210626,20210628,20210630,20210701,20210703,20210704 
Number is 54 
G.4.3_index_4_VS_G.4.2_index_3 [18] PLUS 1 
20210530,20210601,20210604,20210605,20210606,20210607,20210608,20210609,20210610,20210613,20210617,20210619,20210621,20210624,20210626,20210628,20210630,20210701,20210702,20210703,20210704 
Number is 60 
G.4.3_index_1_VS_G.3.3_index_3 [19] 
20210604,20210605,20210606,20210607,20210608,20210609,20210613,20210620,20210621,20210622,20210623,20210626,20210627,20210630,20210701,20210702,20210703,20210704 
Number is 65 
G.3.6_index_5_VS_G.4.4_index_4 [20] PLUS 1 
20210530,20210602,20210603,20210604,20210605,20210606,20210607,20210608,20210609,20210610,20210611,20210612,20210614,20210615,20210616,20210617,20210621,20210623,20210625 
Number is 66 
G.5.1_index_3_VS_G.7.3_index_1 [21] 
20210531,20210604,20210605,20210606,20210607,20210608,20210609,20210613,20210617,20210619,20210620,20210622,20210624,20210625,20210627,20210628,20210630,20210702,20210704 
Number is 69 
G.4.4_index_1_VS_G.2.1_index_2 [22] 
20210530,20210531,20210604,20210605,20210606,20210607,20210608,20210609,20210613,20210622,20210623,20210625,20210627,20210629,20210701,20210704 
G.1.1_index_2_VS_G.6.2_index_1 [23] 
20210530,20210601,20210603,20210604,20210605,20210606,20210607,20210608,20210609,20210612,20210616,20210617,20210625,20210626,20210628,20210629,20210702,20210703,20210704 
Number is 73 
G.5.2_index_3_VS_G.2.1_index_5 [24] 
20210531,20210604,20210605,20210606,20210607,20210608,20210609,20210611,20210612,20210614,20210615,20210619,20210620,20210621,20210623,20210628,20210630,20210703,20210704 
Number is 78 
G.DB_index_4_VS_G.4.2_index_1 [25] 
20210604,20210605,20210606,20210607,20210608,20210609,20210615,20210618,20210623,20210624,20210627,20210628,20210701,20210702,20210703 
Number is 81 
G.4.2_index_1_VS_G.2.2_index_3 [26] PLUS 1 
20210531,20210601,20210602,20210603,20210604,20210605,20210606,20210607,20210608,20210609,20210610,20210613,20210616,20210618,20210619,20210622,20210702 
Number is 87 
G.7.2_index_1_VS_G.5.2_index_3 [27] 
20210531,20210604,20210605,20210606,20210607,20210608,20210609,20210611,20210613,20210619,20210621,20210624,20210625,20210627,20210628,20210703 
G.7.2_index_1_VS_G.4.2_index_2 [28] 
20210601,20210604,20210605,20210606,20210607,20210608,20210609,20210612,20210616,20210618,20210619,20210621,20210622,20210623,20210625,20210627,20210629,20210701,20210703,20210704 
G.3.2_index_2_VS_G.4.2_index_2 [29] 
20210603,20210604,20210605,20210606,20210607,20210608,20210609,20210612,20210613,20210618,20210621,20210622,20210623,20210626,20210627,20210701,20210703 
Number is 89 
G.3.4_index_5_VS_G.DB_index_1 [30] PLUS 1 
20210601,20210602,20210603,20210604,20210605,20210606,20210607,20210608,20210609,20210610,20210611,20210616,20210618,20210622,20210623,20210624,20210625,20210629,20210702 
