======== Current: 20210611 ========= 
Number is 12 
G.6.3_index_2_VS_G.4.2_index_3 [1] 
20210530,20210605,20210606,20210607,20210608,20210609,20210610,20210613,20210620,20210622,20210623,20210624,20210626,20210628,20210630,20210701,20210702,20210703 
Number is 15 
G.5.6_index_4_VS_G.5.2_index_4 [2] 
20210604,20210605,20210606,20210607,20210608,20210609,20210610,20210615,20210616,20210621,20210622,20210626,20210629,20210630 
Number is 17 
G.2.2_index_2_VS_G.7.4_index_1 [3] PLUS 1 
20210602,20210605,20210606,20210607,20210608,20210609,20210610,20210611,20210620,20210627,20210628,20210630,20210703 
Number is 20 
G.3.3_index_2_VS_G.5.2_index_3 [4] 
20210531,20210605,20210606,20210607,20210608,20210609,20210610,20210612,20210615,20210618,20210620,20210623,20210626,20210630,20210703 
Number is 21 
G.5.4_index_1_VS_G.6.3_index_2 [5] 
20210601,20210605,20210606,20210607,20210608,20210609,20210610,20210612,20210613,20210614,20210616,20210617,20210619,20210626,20210628,20210629,20210630 
Number is 26 
G.5.4_index_1_VS_G.6.1_index_2 [6] 
20210530,20210605,20210606,20210607,20210608,20210609,20210610,20210613,20210614,20210615,20210619,20210621,20210626,20210628 
G.3.1_index_5_VS_G.6.1_index_2 [7] 
20210603,20210604,20210605,20210606,20210607,20210608,20210609,20210610,20210612,20210613,20210614,20210615,20210617,20210622,20210624,20210627,20210703 
G.3.1_index_5_VS_G.4.3_index_2 [8] 
20210601,20210605,20210606,20210607,20210608,20210609,20210610,20210618,20210620,20210623,20210626,20210701 
Number is 32 
G.4.4_index_2_VS_G.3.3_index_2 [9] PLUS 1 
20210601,20210602,20210603,20210605,20210606,20210607,20210608,20210609,20210610,20210611,20210613,20210614,20210615,20210616,20210617,20210618,20210622,20210623,20210626,20210630,20210701 
Number is 44 
G.3.5_index_1_VS_G.4.4_index_3 [10] 
20210530,20210603,20210605,20210606,20210607,20210608,20210609,20210610,20210612,20210615,20210619,20210620,20210626,20210627,20210703 
Number is 51 
G.2.2_index_3_VS_G.4.2_index_1 [11] 
20210531,20210601,20210602,20210603,20210604,20210605,20210606,20210607,20210608,20210609,20210610,20210613,20210616,20210618,20210619,20210622,20210702 
G.5.2_index_1_VS_G.4.1_index_3 [12] 
20210531,20210604,20210605,20210606,20210607,20210608,20210609,20210610,20210612,20210617,20210623,20210624,20210625,20210626,20210702 
Number is 54 
G.2.2_index_3_VS_G.3.4_index_2 [13] 
20210530,20210601,20210604,20210605,20210606,20210607,20210608,20210609,20210610,20210612,20210613,20210614,20210617,20210620,20210621,20210623 
Number is 55 
G.4.4_index_4_VS_G.3.6_index_5 [14] PLUS 1 
20210530,20210602,20210603,20210604,20210605,20210606,20210607,20210608,20210609,20210610,20210611,20210612,20210614,20210615,20210616,20210617,20210621,20210623,20210625 
Number is 56 
G.4.4_index_4_VS_G.6.1_index_2 [15] PLUS 1 
20210531,20210601,20210604,20210605,20210606,20210607,20210608,20210609,20210610,20210611,20210612,20210614,20210617,20210619,20210623,20210626,20210628,20210630,20210701,20210703,20210704 
Number is 59 
G.2.2_index_3_VS_G.2.2_index_1 [16] 
20210601,20210604,20210605,20210606,20210607,20210608,20210609,20210610,20210614,20210615,20210616,20210617,20210620,20210622,20210623,20210625,20210626,20210627,20210630,20210701,20210702,20210703 
Number is 72 
G.4.3_index_4_VS_G.4.2_index_3 [17] 
20210530,20210601,20210604,20210605,20210606,20210607,20210608,20210609,20210610,20210613,20210617,20210619,20210621,20210624,20210626,20210628,20210630,20210701,20210702,20210703,20210704 
Number is 78 
G.7.4_index_1_VS_G.1.1_index_2 [18] 
20210531,20210601,20210605,20210606,20210607,20210608,20210609,20210610,20210612,20210618,20210620,20210623,20210624,20210626,20210628,20210629,20210702,20210703 
Number is 81 
G.3.2_index_5_VS_G.5.6_index_4 [19] PLUS 1 
20210530,20210605,20210606,20210607,20210608,20210609,20210610,20210611,20210613,20210615,20210616,20210617,20210621,20210626,20210627,20210630,20210704 
Number is 82 
G.3.2_index_5_VS_G.4.2_index_3 [20] 
20210530,20210605,20210606,20210607,20210608,20210609,20210610,20210612,20210613,20210617,20210618,20210620,20210621,20210626 
Number is 91 
G.3.4_index_5_VS_G.DB_index_1 [21] PLUS 1 
20210601,20210602,20210603,20210604,20210605,20210606,20210607,20210608,20210609,20210610,20210611,20210616,20210618,20210622,20210623,20210624,20210625,20210629,20210702 
