======== Last: 20210705 ========= 
Number is 08 
G.5.6_index_3_VS_G.4.4_index_4 [1] 
Ngay: 20210530,20210601,20210602,20210604,20210606,20210607,20210608,20210609,20210610,20210611,20210613,20210614,20210615,20210616,20210618,20210619,20210624,20210626,20210627 
Number is 15 
G.1.1_index_4_VS_G.6.1_index_2 [2] 
Ngay: 20210531,20210601,20210604,20210606,20210607,20210608,20210609,20210610,20210611,20210612,20210613,20210616,20210619,20210622,20210626,20210628,20210629 
Number is 19 
G.1.1_index_4_VS_G.7.2_index_2 [3] 
Ngay: 20210530,20210531,20210606,20210607,20210608,20210609,20210610,20210611,20210613,20210614,20210621,20210622,20210625,20210626,20210628,20210701,20210703 
Number is 22 
G.4.4_index_2_VS_G.3.3_index_2 [4] 
Ngay: 20210601,20210602,20210603,20210605,20210606,20210607,20210608,20210609,20210610,20210611,20210613,20210614,20210615,20210616,20210617,20210618,20210622,20210623,20210626,20210630,20210701 
Number is 24 
G.4.4_index_1_VS_G.3.2_index_4 [5] 
Ngay: 20210530,20210531,20210601,20210603,20210606,20210607,20210608,20210609,20210610,20210611,20210612,20210615,20210617,20210618,20210621,20210626,20210628,20210629 
G.2.2_index_1_VS_G.5.6_index_4 [6] 
Ngay: 20210531,20210604,20210606,20210607,20210608,20210609,20210610,20210611,20210614,20210616,20210619,20210620,20210622,20210624,20210630,20210702,20210703 
Number is 26 
G.2.2_index_1_VS_G.5.3_index_1 [7] 
Ngay: 20210603,20210606,20210607,20210608,20210609,20210610,20210611,20210616,20210617,20210619,20210621,20210626,20210629,20210630,20210702 
Number is 28 
G.4.1_index_2_VS_G.7.2_index_1 [8] 
Ngay: 20210601,20210602,20210604,20210606,20210607,20210608,20210609,20210610,20210611,20210613,20210616,20210618,20210619,20210620,20210622,20210623,20210624,20210625,20210626,20210628,20210701 
G.5.2_index_2_VS_G.6.2_index_3 [9] 
Ngay: 20210530,20210531,20210604,20210606,20210607,20210608,20210609,20210610,20210611,20210614,20210616,20210618,20210619,20210623,20210625,20210628,20210701,20210702,20210704 
G.1.1_index_5_VS_G.7.2_index_1 [10] 
Ngay: 20210530,20210531,20210601,20210606,20210607,20210608,20210609,20210610,20210611,20210616,20210617,20210619,20210622,20210625,20210626,20210701 
Number is 49 
G.7.1_index_2_VS_G.2.2_index_5 [11] 
Ngay: 20210604,20210606,20210607,20210608,20210609,20210610,20210611,20210615,20210617,20210621,20210623,20210624,20210627,20210628,20210629,20210701,20210703,20210704 
Number is 51 
G.5.1_index_2_VS_G.1.1_index_4 [12] 
Ngay: 20210531,20210602,20210604,20210606,20210607,20210608,20210609,20210610,20210611,20210613,20210614,20210615,20210617,20210620,20210621,20210625,20210626,20210627,20210628,20210629,20210701,20210702,20210704 
Number is 52 
G.3.4_index_3_VS_G.5.4_index_1 [13] 
Ngay: 20210530,20210531,20210602,20210603,20210606,20210607,20210608,20210609,20210610,20210611,20210612,20210613,20210616,20210619,20210620,20210622,20210623,20210624,20210627,20210629,20210701 
G.5.1_index_2_VS_G.5.2_index_3 [14] 
Ngay: 20210601,20210603,20210604,20210606,20210607,20210608,20210609,20210610,20210611,20210617,20210618,20210620,20210621,20210622,20210625,20210628,20210704 
Number is 59 
G.3.4_index_5_VS_G.DB_index_1 [15] 
Ngay: 20210601,20210602,20210603,20210604,20210605,20210606,20210607,20210608,20210609,20210610,20210611,20210616,20210618,20210622,20210623,20210624,20210625,20210629,20210702 
Number is 61 
G.7.3_index_2_VS_G.3.1_index_5 [16] 
Ngay: 20210530,20210601,20210604,20210606,20210607,20210608,20210609,20210610,20210611,20210612,20210613,20210622,20210625,20210627,20210703 
Number is 62 
G.5.3_index_1_VS_G.5.2_index_3 [17] 
Ngay: 20210530,20210601,20210602,20210603,20210604,20210606,20210607,20210608,20210609,20210610,20210611,20210612,20210614,20210615,20210626,20210628,20210629,20210701,20210704 
Number is 64 
G.3.2_index_2_VS_G.5.6_index_4 [18] 
Ngay: 20210601,20210606,20210607,20210608,20210609,20210610,20210611,20210619,20210621,20210622,20210623,20210624,20210630,20210703,20210704 
Number is 65 
G.6.3_index_1_VS_G.3.3_index_3 [19] 
Ngay: 20210601,20210602,20210603,20210604,20210606,20210607,20210608,20210609,20210610,20210611,20210614,20210615,20210616,20210618,20210621,20210623,20210624,20210627,20210704 
Number is 71 
G.4.2_index_3_VS_G.4.3_index_3 [20] 
Ngay: 20210603,20210606,20210607,20210608,20210609,20210610,20210611,20210613,20210620,20210623,20210626,20210627,20210628,20210629,20210701 
Number is 74 
G.3.2_index_5_VS_G.5.6_index_4 [21] 
Ngay: 20210530,20210605,20210606,20210607,20210608,20210609,20210610,20210611,20210613,20210615,20210616,20210617,20210621,20210626,20210627,20210630,20210704 
Number is 76 
G.3.2_index_5_VS_G.5.3_index_1 [22] 
Ngay: 20210602,20210603,20210604,20210606,20210607,20210608,20210609,20210610,20210611,20210612,20210613,20210616,20210617,20210620,20210622,20210623,20210626,20210704 
Number is 78 
G.4.2_index_3_VS_G.7.2_index_1 [23] 
Ngay: 20210530,20210603,20210606,20210607,20210608,20210609,20210610,20210611,20210615,20210618,20210619,20210622,20210626,20210629,20210701,20210702 
Number is 85 
G.4.4_index_4_VS_G.6.1_index_2 [24] 
Ngay: 20210531,20210601,20210604,20210605,20210606,20210607,20210608,20210609,20210610,20210611,20210612,20210614,20210617,20210619,20210623,20210626,20210628,20210630,20210701,20210703,20210704 
Number is 87 
G.7.2_index_1_VS_G.6.1_index_3 [25] 
Ngay: 20210530,20210601,20210606,20210607,20210608,20210609,20210610,20210611,20210613,20210616,20210617,20210618,20210619,20210621,20210622,20210624,20210625,20210626,20210627,20210628,20210629,20210701,20210702 
G.6.2_index_3_VS_G.6.1_index_3 [26] 
Ngay: 20210530,20210601,20210602,20210604,20210606,20210607,20210608,20210609,20210610,20210611,20210614,20210616,20210619,20210621,20210622,20210624,20210628,20210629 
Number is 88 
G.4.4_index_4_VS_G.3.6_index_5 [27] 
Ngay: 20210530,20210602,20210603,20210604,20210605,20210606,20210607,20210608,20210609,20210610,20210611,20210612,20210614,20210615,20210616,20210617,20210621,20210623,20210625 
G.2.1_index_1_VS_G.7.1_index_1 [28] 
Ngay: 20210606,20210607,20210608,20210609,20210610,20210611,20210616,20210617,20210618,20210619,20210622,20210625,20210629 
G.2.2_index_2_VS_G.7.4_index_1 [29] 
Ngay: 20210602,20210605,20210606,20210607,20210608,20210609,20210610,20210611,20210620,20210627,20210628,20210630,20210703 
Number is 89 
G.7.2_index_1_VS_G.3.4_index_4 [30] 
Ngay: 20210601,20210606,20210607,20210608,20210609,20210610,20210611,20210616,20210617,20210619,20210621,20210622,20210629,20210630,20210701,20210702,20210704 
Number is 92 
G.3.4_index_4_VS_G.4.4_index_2 [31] 
Ngay: 20210601,20210603,20210606,20210607,20210608,20210609,20210610,20210611,20210612,20210615,20210620,20210621,20210623,20210630,20210701,20210704 
Number is 97 
G.4.1_index_3_VS_G.4.3_index_1 [32] 
Ngay: 20210530,20210603,20210604,20210606,20210607,20210608,20210609,20210610,20210611,20210612,20210615,20210619,20210623,20210701,20210703,20210704 
