======== Current: 20210612 ========= 
Number is 03 
G.2.1_index_1_VS_G.7.1_index_1 [1] 
20210606,20210607,20210608,20210609,20210610,20210611,20210616,20210617,20210618,20210619,20210622,20210625,20210629 
G.2.2_index_1_VS_G.5.3_index_1 [2] 
20210603,20210606,20210607,20210608,20210609,20210610,20210611,20210616,20210617,20210619,20210621,20210626,20210629,20210630,20210702 
Number is 06 
G.7.3_index_2_VS_G.3.1_index_5 [3] PLUS 1 
20210530,20210601,20210604,20210606,20210607,20210608,20210609,20210610,20210611,20210612,20210613,20210622,20210625,20210627,20210703 
Number is 07 
G.2.2_index_1_VS_G.5.6_index_4 [4] 
20210531,20210604,20210606,20210607,20210608,20210609,20210610,20210611,20210614,20210616,20210619,20210620,20210622,20210624,20210630,20210702,20210703 
Number is 10 
G.4.2_index_3_VS_G.4.3_index_3 [5] 
20210603,20210606,20210607,20210608,20210609,20210610,20210611,20210613,20210620,20210623,20210626,20210627,20210628,20210629,20210701 
Number is 16 
G.5.6_index_3_VS_G.4.4_index_4 [6] 
20210530,20210601,20210602,20210604,20210606,20210607,20210608,20210609,20210610,20210611,20210613,20210614,20210615,20210616,20210618,20210619,20210624,20210626,20210627 
G.5.2_index_2_VS_G.6.2_index_3 [7] 
20210530,20210531,20210604,20210606,20210607,20210608,20210609,20210610,20210611,20210614,20210616,20210618,20210619,20210623,20210625,20210628,20210701,20210702,20210704 
Number is 18 
G.4.2_index_3_VS_G.7.2_index_1 [8] 
20210530,20210603,20210606,20210607,20210608,20210609,20210610,20210611,20210615,20210618,20210619,20210622,20210626,20210629,20210701,20210702 
Number is 24 
G.3.4_index_4_VS_G.4.4_index_2 [9] PLUS 1 
20210601,20210603,20210606,20210607,20210608,20210609,20210610,20210611,20210612,20210615,20210620,20210621,20210623,20210630,20210701,20210704 
Number is 30 
G.3.4_index_5_VS_G.DB_index_1 [10] 
20210601,20210602,20210603,20210604,20210605,20210606,20210607,20210608,20210609,20210610,20210611,20210616,20210618,20210622,20210623,20210624,20210625,20210629,20210702 
Number is 35 
G.4.1_index_3_VS_G.4.3_index_1 [11] PLUS 1 
20210530,20210603,20210604,20210606,20210607,20210608,20210609,20210610,20210611,20210612,20210615,20210619,20210623,20210701,20210703,20210704 
Number is 36 
G.5.3_index_1_VS_G.5.2_index_3 [12] PLUS 1 
20210530,20210601,20210602,20210603,20210604,20210606,20210607,20210608,20210609,20210610,20210611,20210612,20210614,20210615,20210626,20210628,20210629,20210701,20210704 
Number is 43 
G.3.2_index_5_VS_G.5.3_index_1 [13] PLUS 1 
20210602,20210603,20210604,20210606,20210607,20210608,20210609,20210610,20210611,20210612,20210613,20210616,20210617,20210620,20210622,20210623,20210626,20210704 
Number is 47 
G.3.2_index_5_VS_G.5.6_index_4 [14] 
20210530,20210605,20210606,20210607,20210608,20210609,20210610,20210611,20210613,20210615,20210616,20210617,20210621,20210626,20210627,20210630,20210704 
G.4.4_index_2_VS_G.3.3_index_2 [15] 
20210601,20210602,20210603,20210605,20210606,20210607,20210608,20210609,20210610,20210611,20210613,20210614,20210615,20210616,20210617,20210618,20210622,20210623,20210626,20210630,20210701 
G.3.2_index_2_VS_G.5.6_index_4 [16] 
20210601,20210606,20210607,20210608,20210609,20210610,20210611,20210619,20210621,20210622,20210623,20210624,20210630,20210703,20210704 
Number is 52 
G.6.3_index_1_VS_G.3.3_index_3 [17] 
20210601,20210602,20210603,20210604,20210606,20210607,20210608,20210609,20210610,20210611,20210614,20210615,20210616,20210618,20210621,20210623,20210624,20210627,20210704 
Number is 54 
G.3.4_index_3_VS_G.5.4_index_1 [18] PLUS 1 
20210530,20210531,20210602,20210603,20210606,20210607,20210608,20210609,20210610,20210611,20210612,20210613,20210616,20210619,20210620,20210622,20210623,20210624,20210627,20210629,20210701 
Number is 56 
G.1.1_index_4_VS_G.7.2_index_2 [19] 
20210530,20210531,20210606,20210607,20210608,20210609,20210610,20210611,20210613,20210614,20210621,20210622,20210625,20210626,20210628,20210701,20210703 
Number is 57 
G.1.1_index_4_VS_G.6.1_index_2 [20] PLUS 1 
20210531,20210601,20210604,20210606,20210607,20210608,20210609,20210610,20210611,20210612,20210613,20210616,20210619,20210622,20210626,20210628,20210629 
Number is 58 
G.1.1_index_5_VS_G.7.2_index_1 [21] 
20210530,20210531,20210601,20210606,20210607,20210608,20210609,20210610,20210611,20210616,20210617,20210619,20210622,20210625,20210626,20210701 
Number is 65 
G.5.1_index_2_VS_G.1.1_index_4 [22] 
20210531,20210602,20210604,20210606,20210607,20210608,20210609,20210610,20210611,20210613,20210614,20210615,20210617,20210620,20210621,20210625,20210626,20210627,20210628,20210629,20210701,20210702,20210704 
Number is 66 
G.5.1_index_2_VS_G.5.2_index_3 [23] 
20210601,20210603,20210604,20210606,20210607,20210608,20210609,20210610,20210611,20210617,20210618,20210620,20210621,20210622,20210625,20210628,20210704 
G.6.2_index_3_VS_G.6.1_index_3 [24] 
20210530,20210601,20210602,20210604,20210606,20210607,20210608,20210609,20210610,20210611,20210614,20210616,20210619,20210621,20210622,20210624,20210628,20210629 
Number is 67 
G.4.4_index_4_VS_G.6.1_index_2 [25] PLUS 1 
20210531,20210601,20210604,20210605,20210606,20210607,20210608,20210609,20210610,20210611,20210612,20210614,20210617,20210619,20210623,20210626,20210628,20210630,20210701,20210703,20210704 
Number is 68 
G.2.2_index_2_VS_G.7.4_index_1 [26] 
20210602,20210605,20210606,20210607,20210608,20210609,20210610,20210611,20210620,20210627,20210628,20210630,20210703 
Number is 69 
G.4.4_index_4_VS_G.3.6_index_5 [27] PLUS 1 
20210530,20210602,20210603,20210604,20210605,20210606,20210607,20210608,20210609,20210610,20210611,20210612,20210614,20210615,20210616,20210617,20210621,20210623,20210625 
Number is 81 
G.7.1_index_2_VS_G.2.2_index_5 [28] 
20210604,20210606,20210607,20210608,20210609,20210610,20210611,20210615,20210617,20210621,20210623,20210624,20210627,20210628,20210629,20210701,20210703,20210704 
Number is 82 
G.7.2_index_1_VS_G.3.4_index_4 [29] 
20210601,20210606,20210607,20210608,20210609,20210610,20210611,20210616,20210617,20210619,20210621,20210622,20210629,20210630,20210701,20210702,20210704 
Number is 86 
G.7.2_index_1_VS_G.6.1_index_3 [30] 
20210530,20210601,20210606,20210607,20210608,20210609,20210610,20210611,20210613,20210616,20210617,20210618,20210619,20210621,20210622,20210624,20210625,20210626,20210627,20210628,20210629,20210701,20210702 
Number is 96 
G.4.4_index_1_VS_G.3.2_index_4 [31] PLUS 1 
20210530,20210531,20210601,20210603,20210606,20210607,20210608,20210609,20210610,20210611,20210612,20210615,20210617,20210618,20210621,20210626,20210628,20210629 
Number is 98 
G.4.1_index_2_VS_G.7.2_index_1 [32] 
20210601,20210602,20210604,20210606,20210607,20210608,20210609,20210610,20210611,20210613,20210616,20210618,20210619,20210620,20210622,20210623,20210624,20210625,20210626,20210628,20210701 
