======== Current: 20210613 ========= 
Number is 00 
G.3.4_index_4_VS_G.4.4_index_2 [1] 
20210601,20210603,20210606,20210607,20210608,20210609,20210610,20210611,20210612,20210615,20210620,20210621,20210623,20210630,20210701,20210704 
Number is 01 
G.2.1_index_4_VS_G.7.4_index_2 [2] 
20210530,20210531,20210601,20210603,20210605,20210607,20210608,20210609,20210610,20210611,20210612,20210614,20210617,20210618,20210620,20210625,20210629,20210630,20210702 
Number is 04 
G.3.4_index_4_VS_G.4.2_index_1 [3] PLUS 1 
20210601,20210603,20210607,20210608,20210609,20210610,20210611,20210612,20210613,20210615,20210616,20210621,20210623,20210626,20210629,20210701,20210702,20210704 
Number is 05 
G.2.1_index_4_VS_G.6.3_index_3 [4] 
20210601,20210603,20210605,20210607,20210608,20210609,20210610,20210611,20210612,20210616,20210617,20210619,20210622,20210624,20210625 
Number is 24 
G.5.4_index_2_VS_G.6.3_index_2 [5] 
20210531,20210602,20210604,20210607,20210608,20210609,20210610,20210611,20210612,20210614,20210617,20210619,20210620,20210622,20210624,20210628,20210629,20210630,20210701,20210702,20210703,20210704 
Number is 28 
G.5.4_index_2_VS_G.3.6_index_3 [6] 
20210602,20210603,20210604,20210607,20210608,20210609,20210610,20210611,20210612,20210615,20210619,20210622,20210623,20210624,20210628,20210703,20210704 
Number is 30 
G.4.4_index_4_VS_G.6.1_index_2 [7] 
20210531,20210601,20210604,20210605,20210606,20210607,20210608,20210609,20210610,20210611,20210612,20210614,20210617,20210619,20210623,20210626,20210628,20210630,20210701,20210703,20210704 
Number is 35 
G.4.4_index_4_VS_G.3.6_index_5 [8] 
20210530,20210602,20210603,20210604,20210605,20210606,20210607,20210608,20210609,20210610,20210611,20210612,20210614,20210615,20210616,20210617,20210621,20210623,20210625 
Number is 40 
G.1.1_index_4_VS_G.6.1_index_2 [9] PLUS 1 
20210531,20210601,20210604,20210606,20210607,20210608,20210609,20210610,20210611,20210612,20210613,20210616,20210619,20210622,20210626,20210628,20210629 
G.1.1_index_1_VS_G.2.1_index_5 [10] PLUS 1 
20210601,20210602,20210603,20210607,20210608,20210609,20210610,20210611,20210612,20210613,20210614,20210619,20210620,20210623,20210626,20210627,20210701,20210702 
Number is 41 
G.5.3_index_3_VS_G.3.1_index_2 [11] 
20210601,20210605,20210607,20210608,20210609,20210610,20210611,20210612,20210616,20210620,20210621,20210624,20210626,20210628,20210703 
Number is 44 
G.4.4_index_3_VS_G.1.1_index_4 [12] PLUS 1 
20210530,20210601,20210602,20210605,20210607,20210608,20210609,20210610,20210611,20210612,20210613,20210614,20210615,20210618,20210619,20210620,20210626,20210627,20210703,20210704 
Number is 45 
G.5.5_index_1_VS_G.7.3_index_1 [13] PLUS 1 
20210601,20210602,20210604,20210607,20210608,20210609,20210610,20210611,20210612,20210613,20210617,20210620,20210627,20210628,20210702,20210704 
Number is 46 
G.3.2_index_5_VS_G.5.3_index_1 [14] PLUS 1 
20210602,20210603,20210604,20210606,20210607,20210608,20210609,20210610,20210611,20210612,20210613,20210616,20210617,20210620,20210622,20210623,20210626,20210704 
Number is 47 
G.3.2_index_5_VS_G.3.5_index_1 [15] 
20210530,20210531,20210601,20210603,20210605,20210607,20210608,20210609,20210610,20210611,20210612,20210620,20210621,20210701,20210703,20210704 
Number is 49 
G.3.5_index_2_VS_G.3.2_index_2 [16] 
20210530,20210601,20210607,20210608,20210609,20210610,20210611,20210612,20210615,20210618,20210620,20210622,20210627,20210628,20210629,20210701 
Number is 54 
G.3.6_index_5_VS_G.6.2_index_3 [17] PLUS 1 
20210530,20210601,20210602,20210603,20210604,20210605,20210607,20210608,20210609,20210610,20210611,20210612,20210613,20210614,20210616,20210619,20210622,20210625,20210627,20210702,20210704 
G.4.1_index_2_VS_G.4.4_index_3 [18] PLUS 1 
20210601,20210607,20210608,20210609,20210610,20210611,20210612,20210613,20210618,20210619,20210620,20210621,20210622,20210623,20210626 
Number is 56 
G.4.1_index_2_VS_G.3.4_index_2 [19] 
20210607,20210608,20210609,20210610,20210611,20210612,20210616,20210619,20210620,20210623,20210625,20210626,20210627,20210628,20210630,20210701,20210703 
Number is 62 
G.5.3_index_1_VS_G.5.2_index_3 [20] 
20210530,20210601,20210602,20210603,20210604,20210606,20210607,20210608,20210609,20210610,20210611,20210612,20210614,20210615,20210626,20210628,20210629,20210701,20210704 
Number is 70 
G.2.1_index_2_VS_G.4.4_index_2 [21] PLUS 1 
20210530,20210601,20210604,20210607,20210608,20210609,20210610,20210611,20210612,20210613,20210614,20210617,20210618,20210622,20210624,20210626,20210701,20210704 
Number is 72 
G.4.4_index_1_VS_G.3.2_index_4 [22] 
20210530,20210531,20210601,20210603,20210606,20210607,20210608,20210609,20210610,20210611,20210612,20210615,20210617,20210618,20210621,20210626,20210628,20210629 
Number is 73 
G.4.1_index_3_VS_G.4.3_index_1 [23] 
20210530,20210603,20210604,20210606,20210607,20210608,20210609,20210610,20210611,20210612,20210615,20210619,20210623,20210701,20210703,20210704 
Number is 76 
G.7.3_index_2_VS_G.3.1_index_5 [24] PLUS 1 
20210530,20210601,20210604,20210606,20210607,20210608,20210609,20210610,20210611,20210612,20210613,20210622,20210625,20210627,20210703 
Number is 79 
G.3.5_index_1_VS_G.2.2_index_1 [25] 
20210530,20210603,20210607,20210608,20210609,20210610,20210611,20210612,20210614,20210618,20210619,20210622,20210625,20210630,20210701,20210702,20210703 
Number is 84 
G.DB_index_3_VS_G.3.2_index_5 [26] PLUS 1 
20210602,20210604,20210607,20210608,20210609,20210610,20210611,20210612,20210613,20210620,20210630,20210701 
Number is 94 
G.3.6_index_1_VS_G.6.2_index_3 [27] 
20210530,20210601,20210605,20210607,20210608,20210609,20210610,20210611,20210612,20210616,20210619,20210621,20210623,20210627,20210628,20210701 
Number is 98 
G.3.4_index_3_VS_G.5.4_index_1 [28] PLUS 1 
20210530,20210531,20210602,20210603,20210606,20210607,20210608,20210609,20210610,20210611,20210612,20210613,20210616,20210619,20210620,20210622,20210623,20210624,20210627,20210629,20210701 
