======== Last: 20210705 ========= 
Number is 02 
G.1.1_index_1_VS_G.2.1_index_5 [1] 
Ngay: 20210601,20210602,20210603,20210607,20210608,20210609,20210610,20210611,20210612,20210613,20210614,20210619,20210620,20210623,20210626,20210627,20210701,20210702 
Number is 06 
G.3.5_index_2_VS_G.3.2_index_2 [2] 
Ngay: 20210530,20210601,20210607,20210608,20210609,20210610,20210611,20210612,20210615,20210618,20210620,20210622,20210627,20210628,20210629,20210701 
Number is 11 
G.4.4_index_3_VS_G.1.1_index_4 [3] 
Ngay: 20210530,20210601,20210602,20210605,20210607,20210608,20210609,20210610,20210611,20210612,20210613,20210614,20210615,20210618,20210619,20210620,20210626,20210627,20210703,20210704 
Number is 15 
G.1.1_index_4_VS_G.6.1_index_2 [4] 
Ngay: 20210531,20210601,20210604,20210606,20210607,20210608,20210609,20210610,20210611,20210612,20210613,20210616,20210619,20210622,20210626,20210628,20210629 
Number is 21 
G.4.1_index_2_VS_G.4.4_index_3 [5] 
Ngay: 20210601,20210607,20210608,20210609,20210610,20210611,20210612,20210613,20210618,20210619,20210620,20210621,20210622,20210623,20210626 
Number is 24 
G.4.4_index_1_VS_G.3.2_index_4 [6] 
Ngay: 20210530,20210531,20210601,20210603,20210606,20210607,20210608,20210609,20210610,20210611,20210612,20210615,20210617,20210618,20210621,20210626,20210628,20210629 
Number is 26 
G.5.3_index_3_VS_G.3.1_index_2 [7] 
Ngay: 20210601,20210605,20210607,20210608,20210609,20210610,20210611,20210612,20210616,20210620,20210621,20210624,20210626,20210628,20210703 
Number is 27 
G.4.1_index_2_VS_G.3.4_index_2 [8] 
Ngay: 20210607,20210608,20210609,20210610,20210611,20210612,20210616,20210619,20210620,20210623,20210625,20210626,20210627,20210628,20210630,20210701,20210703 
Number is 32 
G.5.5_index_1_VS_G.7.3_index_1 [9] 
Ngay: 20210601,20210602,20210604,20210607,20210608,20210609,20210610,20210611,20210612,20210613,20210617,20210620,20210627,20210628,20210702,20210704 
Number is 42 
G.3.5_index_1_VS_G.2.2_index_1 [10] 
Ngay: 20210530,20210603,20210607,20210608,20210609,20210610,20210611,20210612,20210614,20210618,20210619,20210622,20210625,20210630,20210701,20210702,20210703 
Number is 46 
G.2.1_index_4_VS_G.6.3_index_3 [11] 
Ngay: 20210601,20210603,20210605,20210607,20210608,20210609,20210610,20210611,20210612,20210616,20210617,20210619,20210622,20210624,20210625 
Number is 48 
G.2.1_index_4_VS_G.7.4_index_2 [12] 
Ngay: 20210530,20210531,20210601,20210603,20210605,20210607,20210608,20210609,20210610,20210611,20210612,20210614,20210617,20210618,20210620,20210625,20210629,20210630,20210702 
Number is 52 
G.3.4_index_3_VS_G.5.4_index_1 [13] 
Ngay: 20210530,20210531,20210602,20210603,20210606,20210607,20210608,20210609,20210610,20210611,20210612,20210613,20210616,20210619,20210620,20210622,20210623,20210624,20210627,20210629,20210701 
G.2.1_index_2_VS_G.4.4_index_2 [14] 
Ngay: 20210530,20210601,20210604,20210607,20210608,20210609,20210610,20210611,20210612,20210613,20210614,20210617,20210618,20210622,20210624,20210626,20210701,20210704 
Number is 61 
G.7.3_index_2_VS_G.3.1_index_5 [15] 
Ngay: 20210530,20210601,20210604,20210606,20210607,20210608,20210609,20210610,20210611,20210612,20210613,20210622,20210625,20210627,20210703 
Number is 62 
G.5.3_index_1_VS_G.5.2_index_3 [16] 
Ngay: 20210530,20210601,20210602,20210603,20210604,20210606,20210607,20210608,20210609,20210610,20210611,20210612,20210614,20210615,20210626,20210628,20210629,20210701,20210704 
Number is 68 
G.3.6_index_1_VS_G.6.2_index_3 [17] 
Ngay: 20210530,20210601,20210605,20210607,20210608,20210609,20210610,20210611,20210612,20210616,20210619,20210621,20210623,20210627,20210628,20210701 
Number is 74 
G.3.2_index_5_VS_G.3.5_index_1 [18] 
Ngay: 20210530,20210531,20210601,20210603,20210605,20210607,20210608,20210609,20210610,20210611,20210612,20210620,20210621,20210701,20210703,20210704 
Number is 76 
G.3.2_index_5_VS_G.5.3_index_1 [19] 
Ngay: 20210602,20210603,20210604,20210606,20210607,20210608,20210609,20210610,20210611,20210612,20210613,20210616,20210617,20210620,20210622,20210623,20210626,20210704 
Number is 77 
G.DB_index_3_VS_G.3.2_index_5 [20] 
Ngay: 20210602,20210604,20210607,20210608,20210609,20210610,20210611,20210612,20210613,20210620,20210630,20210701 
Number is 85 
G.4.4_index_4_VS_G.6.1_index_2 [21] 
Ngay: 20210531,20210601,20210604,20210605,20210606,20210607,20210608,20210609,20210610,20210611,20210612,20210614,20210617,20210619,20210623,20210626,20210628,20210630,20210701,20210703,20210704 
Number is 88 
G.3.6_index_5_VS_G.6.2_index_3 [22] 
Ngay: 20210530,20210601,20210602,20210603,20210604,20210605,20210607,20210608,20210609,20210610,20210611,20210612,20210613,20210614,20210616,20210619,20210622,20210625,20210627,20210702,20210704 
G.4.4_index_4_VS_G.3.6_index_5 [23] 
Ngay: 20210530,20210602,20210603,20210604,20210605,20210606,20210607,20210608,20210609,20210610,20210611,20210612,20210614,20210615,20210616,20210617,20210621,20210623,20210625 
Number is 91 
G.5.4_index_2_VS_G.6.3_index_2 [24] 
Ngay: 20210531,20210602,20210604,20210607,20210608,20210609,20210610,20210611,20210612,20210614,20210617,20210619,20210620,20210622,20210624,20210628,20210629,20210630,20210701,20210702,20210703,20210704 
Number is 92 
G.3.4_index_4_VS_G.4.4_index_2 [25] 
Ngay: 20210601,20210603,20210606,20210607,20210608,20210609,20210610,20210611,20210612,20210615,20210620,20210621,20210623,20210630,20210701,20210704 
Number is 95 
G.5.4_index_2_VS_G.3.6_index_3 [26] 
Ngay: 20210602,20210603,20210604,20210607,20210608,20210609,20210610,20210611,20210612,20210615,20210619,20210622,20210623,20210624,20210628,20210703,20210704 
Number is 96 
G.3.4_index_4_VS_G.4.2_index_1 [27] 
Ngay: 20210601,20210603,20210607,20210608,20210609,20210610,20210611,20210612,20210613,20210615,20210616,20210621,20210623,20210626,20210629,20210701,20210702,20210704 
Number is 97 
G.4.1_index_3_VS_G.4.3_index_1 [28] 
Ngay: 20210530,20210603,20210604,20210606,20210607,20210608,20210609,20210610,20210611,20210612,20210615,20210619,20210623,20210701,20210703,20210704 
