======== Current: 20210614 ========= 
Number is 00 
G.4.1_index_2_VS_G.5.1_index_2 [1] 
20210530,20210531,20210604,20210608,20210609,20210610,20210611,20210612,20210613,20210615,20210616,20210617,20210621,20210623,20210625,20210626,20210628,20210701,20210703 
G.7.3_index_2_VS_G.3.1_index_5 [2] 
20210530,20210601,20210604,20210606,20210607,20210608,20210609,20210610,20210611,20210612,20210613,20210622,20210625,20210627,20210703 
Number is 01 
G.1.1_index_1_VS_G.2.1_index_5 [3] PLUS 1 
20210601,20210602,20210603,20210607,20210608,20210609,20210610,20210611,20210612,20210613,20210614,20210619,20210620,20210623,20210626,20210627,20210701,20210702 
Number is 03 
G.1.1_index_1_VS_G.3.5_index_5 [4] PLUS 1 
20210601,20210603,20210604,20210608,20210609,20210610,20210611,20210612,20210613,20210614,20210616,20210618,20210619,20210620,20210622,20210623,20210625,20210627,20210701,20210703 
Number is 05 
G.5.1_index_2_VS_G.3.6_index_5 [5] PLUS 1 
20210601,20210603,20210604,20210608,20210609,20210610,20210611,20210612,20210613,20210614,20210616,20210618,20210620,20210622,20210624,20210625,20210626,20210627,20210628,20210701,20210702,20210703,20210704 
Number is 07 
G.4.1_index_2_VS_G.4.4_index_3 [6] 
20210601,20210607,20210608,20210609,20210610,20210611,20210612,20210613,20210618,20210619,20210620,20210621,20210622,20210623,20210626 
Number is 09 
G.3.4_index_3_VS_G.5.4_index_1 [7] 
20210530,20210531,20210602,20210603,20210606,20210607,20210608,20210609,20210610,20210611,20210612,20210613,20210616,20210619,20210620,20210622,20210623,20210624,20210627,20210629,20210701 
Number is 11 
G.DB_index_3_VS_G.3.2_index_5 [8] 
20210602,20210604,20210607,20210608,20210609,20210610,20210611,20210612,20210613,20210620,20210630,20210701 
Number is 12 
G.2.1_index_5_VS_G.5.5_index_1 [9] 
20210530,20210601,20210602,20210608,20210609,20210610,20210611,20210612,20210613,20210619,20210622,20210624,20210626,20210701 
Number is 14 
G.7.1_index_2_VS_G.7.2_index_1 [10] 
20210530,20210608,20210609,20210610,20210611,20210612,20210613,20210617,20210619,20210622,20210624,20210625,20210626,20210627,20210628,20210629,20210701,20210702 
G.DB_index_3_VS_G.5.3_index_3 [11] 
20210530,20210602,20210604,20210608,20210609,20210610,20210611,20210612,20210613,20210618,20210621,20210623,20210624,20210625,20210630,20210701 
Number is 15 
G.3.2_index_5_VS_G.5.3_index_1 [12] 
20210602,20210603,20210604,20210606,20210607,20210608,20210609,20210610,20210611,20210612,20210613,20210616,20210617,20210620,20210622,20210623,20210626,20210704 
Number is 17 
G.3.2_index_5_VS_G.6.2_index_2 [13] 
20210531,20210602,20210608,20210609,20210610,20210611,20210612,20210613,20210615,20210620,20210623,20210625,20210626,20210701 
Number is 23 
G.6.2_index_1_VS_G.5.6_index_2 [14] PLUS 1 
20210530,20210531,20210603,20210604,20210608,20210609,20210610,20210611,20210612,20210613,20210614,20210618,20210619,20210621,20210622,20210625,20210626,20210627,20210628,20210703 
Number is 28 
G.5.5_index_1_VS_G.7.3_index_1 [15] 
20210601,20210602,20210604,20210607,20210608,20210609,20210610,20210611,20210612,20210613,20210617,20210620,20210627,20210628,20210702,20210704 
Number is 30 
G.3.5_index_5_VS_G.6.2_index_3 [16] PLUS 1 
20210531,20210601,20210603,20210604,20210605,20210608,20210609,20210610,20210611,20210612,20210613,20210614,20210616,20210617,20210621,20210624,20210628 
Number is 31 
G.3.5_index_5_VS_G.DB_index_3 [17] PLUS 1 
20210530,20210531,20210605,20210608,20210609,20210610,20210611,20210612,20210613,20210614,20210616,20210617,20210619,20210622,20210627,20210630,20210701 
Number is 33 
G.2.2_index_4_VS_G.5.6_index_2 [18] PLUS 1 
20210530,20210531,20210605,20210608,20210609,20210610,20210611,20210612,20210613,20210614,20210618,20210619,20210620,20210621,20210622,20210625,20210629,20210704 
Number is 35 
G.1.1_index_4_VS_G.6.1_index_2 [19] 
20210531,20210601,20210604,20210606,20210607,20210608,20210609,20210610,20210611,20210612,20210613,20210616,20210619,20210622,20210626,20210628,20210629 
G.2.2_index_1_VS_G.3.6_index_3 [20] 
20210602,20210606,20210608,20210609,20210610,20210611,20210612,20210613,20210620,20210622,20210623,20210624,20210625,20210626,20210629,20210702,20210703 
Number is 36 
G.5.6_index_2_VS_G.5.2_index_4 [21] PLUS 1 
20210608,20210609,20210610,20210611,20210612,20210613,20210614,20210616,20210617,20210619,20210622,20210625,20210626,20210628,20210629,20210630 
Number is 42 
G.7.2_index_1_VS_G.6.2_index_1 [22] 
20210531,20210602,20210605,20210606,20210608,20210609,20210610,20210611,20210612,20210613,20210615,20210616,20210617,20210621,20210622,20210626,20210628,20210701 
Number is 43 
G.5.3_index_3_VS_G.5.6_index_2 [23] PLUS 1 
20210530,20210601,20210602,20210608,20210609,20210610,20210611,20210612,20210613,20210614,20210615,20210617,20210618,20210620,20210621,20210624,20210630 
Number is 46 
G.7.2_index_1_VS_G.5.2_index_4 [24] 
20210603,20210604,20210605,20210606,20210608,20210609,20210610,20210611,20210612,20210613,20210615,20210616,20210617,20210618,20210622,20210624,20210627,20210628,20210630,20210701,20210702 
Number is 50 
G.3.6_index_5_VS_G.6.2_index_3 [25] PLUS 1 
20210530,20210601,20210602,20210603,20210604,20210605,20210607,20210608,20210609,20210610,20210611,20210612,20210613,20210614,20210616,20210619,20210622,20210625,20210627,20210702,20210704 
G.3.1_index_1_VS_G.3.6_index_1 [26] PLUS 1 
20210605,20210608,20210609,20210610,20210611,20210612,20210613,20210614,20210617,20210618,20210619,20210621,20210623,20210625,20210626,20210630,20210702,20210703,20210704 
Number is 54 
G.3.6_index_3_VS_G.5.3_index_3 [27] 
20210530,20210531,20210602,20210603,20210605,20210608,20210609,20210610,20210611,20210612,20210613,20210616,20210618,20210620,20210622,20210624,20210626,20210629 
Number is 55 
G.1.1_index_3_VS_G.5.3_index_1 [28] 
20210530,20210531,20210603,20210605,20210608,20210609,20210610,20210611,20210612,20210613,20210616,20210623,20210624,20210625,20210626,20210628,20210629,20210630,20210703 
Number is 56 
G.3.6_index_3_VS_G.DB_index_5 [29] PLUS 1 
20210530,20210604,20210608,20210609,20210610,20210611,20210612,20210613,20210614,20210616,20210617,20210621,20210623,20210624,20210626,20210628,20210629,20210701,20210704 
Number is 62 
G.4.4_index_4_VS_G.5.1_index_1 [30] 
20210530,20210531,20210608,20210609,20210610,20210611,20210612,20210613,20210615,20210618,20210619,20210620,20210622,20210623,20210626,20210628,20210629,20210630,20210701,20210702,20210703 
Number is 70 
G.3.4_index_4_VS_G.3.6_index_1 [31] 
20210531,20210601,20210602,20210603,20210605,20210608,20210609,20210610,20210611,20210612,20210613,20210624,20210626,20210628,20210630,20210704 
G.6.2_index_2_VS_G.4.1_index_2 [32] 
20210531,20210601,20210604,20210605,20210608,20210609,20210610,20210611,20210612,20210613,20210615,20210618,20210619,20210621,20210622,20210623,20210626,20210628,20210701,20210703,20210704 
Number is 72 
G.4.4_index_3_VS_G.5.5_index_1 [33] PLUS 1 
20210530,20210602,20210603,20210605,20210608,20210609,20210610,20210611,20210612,20210613,20210614,20210617,20210618,20210619,20210624,20210626 
Number is 73 
G.4.4_index_3_VS_G.1.1_index_4 [34] PLUS 1 
20210530,20210601,20210602,20210605,20210607,20210608,20210609,20210610,20210611,20210612,20210613,20210614,20210615,20210618,20210619,20210620,20210626,20210627,20210703,20210704 
G.7.4_index_1_VS_G.5.6_index_2 [35] PLUS 1 
20210530,20210531,20210601,20210608,20210609,20210610,20210611,20210612,20210613,20210614,20210617,20210619,20210624,20210626,20210627,20210628,20210630,20210703,20210704 
Number is 74 
G.3.4_index_4_VS_G.5.3_index_3 [36] 
20210603,20210604,20210605,20210606,20210608,20210609,20210610,20210611,20210612,20210613,20210615,20210618,20210620,20210621,20210623,20210624,20210625,20210626,20210627,20210630 
Number is 75 
G.3.4_index_4_VS_G.4.2_index_1 [37] 
20210601,20210603,20210607,20210608,20210609,20210610,20210611,20210612,20210613,20210615,20210616,20210621,20210623,20210626,20210629,20210701,20210702,20210704 
Number is 77 
G.6.2_index_2_VS_G.3.6_index_4 [38] PLUS 1 
20210530,20210531,20210604,20210608,20210609,20210610,20210611,20210612,20210613,20210614,20210617,20210618,20210619,20210621,20210626,20210627,20210703 
Number is 79 
G.4.4_index_3_VS_G.2.1_index_3 [39] PLUS 1 
20210601,20210605,20210606,20210608,20210609,20210610,20210611,20210612,20210613,20210614,20210616,20210618,20210619,20210620,20210622,20210623,20210624,20210626,20210627,20210628,20210630,20210701,20210703,20210704 
Number is 94 
G.2.1_index_2_VS_G.4.4_index_2 [40] PLUS 1 
20210530,20210601,20210604,20210607,20210608,20210609,20210610,20210611,20210612,20210613,20210614,20210617,20210618,20210622,20210624,20210626,20210701,20210704 
