======== Last: 20210705 ========= 
Number is 00 
G.1.1_index_1_VS_G.3.5_index_5 [1] 
Ngay: 20210601,20210603,20210604,20210608,20210609,20210610,20210611,20210612,20210613,20210614,20210616,20210618,20210619,20210620,20210622,20210623,20210625,20210627,20210701,20210703 
Number is 02 
G.1.1_index_1_VS_G.2.1_index_5 [2] 
Ngay: 20210601,20210602,20210603,20210607,20210608,20210609,20210610,20210611,20210612,20210613,20210614,20210619,20210620,20210623,20210626,20210627,20210701,20210702 
Number is 04 
G.3.5_index_5_VS_G.5.3_index_4 [3] 
Ngay: 20210530,20210604,20210605,20210606,20210609,20210610,20210611,20210612,20210613,20210614,20210616,20210623,20210624,20210628,20210701 
Number is 07 
G.3.5_index_5_VS_G.DB_index_3 [4] 
Ngay: 20210530,20210531,20210605,20210608,20210609,20210610,20210611,20210612,20210613,20210614,20210616,20210617,20210619,20210622,20210627,20210630,20210701 
Number is 08 
G.3.5_index_5_VS_G.6.2_index_3 [5] 
Ngay: 20210531,20210601,20210603,20210604,20210605,20210608,20210609,20210610,20210611,20210612,20210613,20210614,20210616,20210617,20210621,20210624,20210628 
Number is 11 
G.4.4_index_3_VS_G.1.1_index_4 [6] 
Ngay: 20210530,20210601,20210602,20210605,20210607,20210608,20210609,20210610,20210611,20210612,20210613,20210614,20210615,20210618,20210619,20210620,20210626,20210627,20210703,20210704 
Number is 13 
G.4.4_index_3_VS_G.5.5_index_1 [7] 
Ngay: 20210530,20210602,20210603,20210605,20210608,20210609,20210610,20210611,20210612,20210613,20210614,20210617,20210618,20210619,20210624,20210626 
Number is 18 
G.5.6_index_2_VS_G.5.2_index_4 [8] 
Ngay: 20210608,20210609,20210610,20210611,20210612,20210613,20210614,20210616,20210617,20210619,20210622,20210625,20210626,20210628,20210629,20210630 
Number is 19 
G.1.1_index_4_VS_G.5.1_index_1 [9] 
Ngay: 20210607,20210609,20210610,20210611,20210612,20210613,20210614,20210618,20210628,20210629,20210703,20210704 
G.4.4_index_3_VS_G.2.1_index_3 [10] 
Ngay: 20210601,20210605,20210606,20210608,20210609,20210610,20210611,20210612,20210613,20210614,20210616,20210618,20210619,20210620,20210622,20210623,20210624,20210626,20210627,20210628,20210630,20210701,20210703,20210704 
Number is 21 
G.5.3_index_3_VS_G.5.6_index_2 [11] 
Ngay: 20210530,20210601,20210602,20210608,20210609,20210610,20210611,20210612,20210613,20210614,20210615,20210617,20210618,20210620,20210621,20210624,20210630 
G.5.3_index_3_VS_G.1.1_index_4 [12] 
Ngay: 20210530,20210531,20210605,20210606,20210609,20210610,20210611,20210612,20210613,20210614,20210616,20210618,20210621,20210628,20210703 
Number is 22 
G.1.1_index_5_VS_G.5.4_index_1 [13] 
Ngay: 20210531,20210601,20210602,20210604,20210606,20210607,20210609,20210610,20210611,20210612,20210613,20210614,20210615,20210616,20210619,20210622,20210627,20210628,20210630 
Number is 25 
G.5.4_index_1_VS_G.3.1_index_1 [14] 
Ngay: 20210601,20210602,20210603,20210604,20210605,20210609,20210610,20210611,20210612,20210613,20210614,20210616,20210619,20210621,20210622,20210624,20210625,20210626,20210627,20210629,20210630,20210702,20210703,20210704 
Number is 31 
G.2.2_index_4_VS_G.5.6_index_2 [15] 
Ngay: 20210530,20210531,20210605,20210608,20210609,20210610,20210611,20210612,20210613,20210614,20210618,20210619,20210620,20210621,20210622,20210625,20210629,20210704 
G.5.5_index_1_VS_G.6.3_index_2 [16] 
Ngay: 20210530,20210601,20210604,20210605,20210609,20210610,20210611,20210612,20210613,20210614,20210617,20210618,20210626,20210627,20210629,20210630,20210702,20210704 
G.6.2_index_1_VS_G.5.6_index_2 [17] 
Ngay: 20210530,20210531,20210603,20210604,20210608,20210609,20210610,20210611,20210612,20210613,20210614,20210618,20210619,20210621,20210622,20210625,20210626,20210627,20210628,20210703 
Number is 36 
G.3.4_index_1_VS_G.6.3_index_3 [18] 
Ngay: 20210530,20210531,20210604,20210605,20210606,20210607,20210609,20210610,20210611,20210612,20210613,20210614,20210619,20210622,20210624,20210625,20210627,20210628,20210630,20210703 
G.5.5_index_1_VS_G.3.2_index_3 [19] 
Ngay: 20210603,20210609,20210610,20210611,20210612,20210613,20210614,20210617,20210618,20210621,20210628,20210629,20210701,20210702 
Number is 42 
G.2.1_index_4_VS_G.2.2_index_3 [20] 
Ngay: 20210531,20210601,20210602,20210604,20210605,20210607,20210609,20210610,20210611,20210612,20210613,20210614,20210617,20210621,20210622,20210625,20210702 
Number is 46 
G.7.1_index_2_VS_G.7.3_index_2 [21] 
Ngay: 20210601,20210602,20210603,20210604,20210609,20210610,20210611,20210612,20210613,20210614,20210615,20210616,20210618,20210621,20210622,20210624,20210625,20210628,20210702,20210703 
Number is 51 
G.5.5_index_2_VS_G.5.6_index_2 [22] 
Ngay: 20210531,20210601,20210603,20210604,20210609,20210610,20210611,20210612,20210613,20210614,20210617,20210618,20210619,20210621,20210628,20210703,20210704 
G.3.3_index_3_VS_G.4.3_index_3 [23] 
Ngay: 20210530,20210602,20210603,20210605,20210606,20210609,20210610,20210611,20210612,20210613,20210614,20210615,20210616,20210619,20210622,20210623,20210626,20210628,20210629,20210630,20210701 
G.3.6_index_3_VS_G.DB_index_5 [24] 
Ngay: 20210530,20210604,20210608,20210609,20210610,20210611,20210612,20210613,20210614,20210616,20210617,20210621,20210623,20210624,20210626,20210628,20210629,20210701,20210704 
Number is 52 
G.2.1_index_2_VS_G.4.4_index_2 [25] 
Ngay: 20210530,20210601,20210604,20210607,20210608,20210609,20210610,20210611,20210612,20210613,20210614,20210617,20210618,20210622,20210624,20210626,20210701,20210704 
G.5.1_index_2_VS_G.2.2_index_3 [26] 
Ngay: 20210531,20210601,20210602,20210603,20210604,20210609,20210610,20210611,20210612,20210613,20210614,20210617,20210619,20210628,20210703 
Number is 53 
G.6.1_index_2_VS_G.5.5_index_1 [27] 
Ngay: 20210603,20210604,20210605,20210606,20210609,20210610,20210611,20210612,20210613,20210614,20210619,20210620,20210621,20210624,20210626,20210628,20210630,20210701,20210704 
Number is 56 
G.3.1_index_1_VS_G.3.6_index_1 [28] 
Ngay: 20210605,20210608,20210609,20210610,20210611,20210612,20210613,20210614,20210617,20210618,20210619,20210621,20210623,20210625,20210626,20210630,20210702,20210703,20210704 
Number is 58 
G.5.6_index_1_VS_G.7.4_index_2 [29] 
Ngay: 20210601,20210604,20210605,20210606,20210607,20210609,20210610,20210611,20210612,20210613,20210614,20210615,20210619,20210623,20210624,20210627,20210629,20210702,20210703,20210704 
G.5.1_index_2_VS_G.3.6_index_5 [30] 
Ngay: 20210601,20210603,20210604,20210608,20210609,20210610,20210611,20210612,20210613,20210614,20210616,20210618,20210620,20210622,20210624,20210625,20210626,20210627,20210628,20210701,20210702,20210703,20210704 
Number is 59 
G.5.6_index_1_VS_G.5.4_index_2 [31] 
Ngay: 20210603,20210605,20210609,20210610,20210611,20210612,20210613,20210614,20210615,20210617,20210620,20210621,20210622,20210623,20210626,20210629,20210630,20210701,20210702,20210703 
Number is 66 
G.6.2_index_2_VS_G.3.6_index_4 [32] 
Ngay: 20210530,20210531,20210604,20210608,20210609,20210610,20210611,20210612,20210613,20210614,20210617,20210618,20210619,20210621,20210626,20210627,20210703 
Number is 72 
G.4.2_index_3_VS_G.5.4_index_1 [33] 
Ngay: 20210603,20210606,20210607,20210609,20210610,20210611,20210612,20210613,20210614,20210617,20210619,20210620,20210621,20210624,20210626,20210628,20210629,20210630,20210701,20210703,20210704 
Number is 80 
G.4.4_index_4_VS_G.3.5_index_5 [34] 
Ngay: 20210530,20210603,20210604,20210605,20210606,20210607,20210609,20210610,20210611,20210612,20210613,20210614,20210616,20210619,20210624,20210703,20210704 
Number is 81 
G.7.4_index_1_VS_G.5.6_index_2 [35] 
Ngay: 20210530,20210531,20210601,20210608,20210609,20210610,20210611,20210612,20210613,20210614,20210617,20210619,20210624,20210626,20210627,20210628,20210630,20210703,20210704 
Number is 85 
G.6.2_index_3_VS_G.6.1_index_2 [36] 
Ngay: 20210531,20210601,20210604,20210605,20210606,20210609,20210610,20210611,20210612,20210613,20210614,20210618,20210619,20210621,20210622,20210624,20210625,20210630,20210701 
Number is 88 
G.3.6_index_5_VS_G.6.2_index_3 [37] 
Ngay: 20210530,20210601,20210602,20210603,20210604,20210605,20210607,20210608,20210609,20210610,20210611,20210612,20210613,20210614,20210616,20210619,20210622,20210625,20210627,20210702,20210704 
G.4.4_index_4_VS_G.7.4_index_2 [38] 
Ngay: 20210530,20210531,20210601,20210602,20210604,20210605,20210606,20210609,20210610,20210611,20210612,20210613,20210614,20210615,20210617,20210618,20210619,20210624,20210629,20210630,20210703 
Number is 93 
G.5.1_index_1_VS_G.5.5_index_1 [39] 
Ngay: 20210603,20210609,20210610,20210611,20210612,20210613,20210614,20210615,20210617,20210618,20210621,20210622,20210624,20210628,20210629,20210702,20210704 
