======== Current: 20210615 ========= 
Number is 02 
G.4.4_index_3_VS_G.5.5_index_1 [1] 
20210530,20210602,20210603,20210605,20210608,20210609,20210610,20210611,20210612,20210613,20210614,20210617,20210618,20210619,20210624,20210626 
Number is 06 
G.4.4_index_3_VS_G.2.1_index_3 [2] 
20210601,20210605,20210606,20210608,20210609,20210610,20210611,20210612,20210613,20210614,20210616,20210618,20210619,20210620,20210622,20210623,20210624,20210626,20210627,20210628,20210630,20210701,20210703,20210704 
Number is 08 
G.5.4_index_1_VS_G.3.1_index_1 [3] 
20210601,20210602,20210603,20210604,20210605,20210609,20210610,20210611,20210612,20210613,20210614,20210616,20210619,20210621,20210622,20210624,20210625,20210626,20210627,20210629,20210630,20210702,20210703,20210704 
Number is 09 
G.4.4_index_3_VS_G.1.1_index_4 [4] PLUS 1 
20210530,20210601,20210602,20210605,20210607,20210608,20210609,20210610,20210611,20210612,20210613,20210614,20210615,20210618,20210619,20210620,20210626,20210627,20210703,20210704 
Number is 13 
G.3.4_index_1_VS_G.6.3_index_3 [5] 
20210530,20210531,20210604,20210605,20210606,20210607,20210609,20210610,20210611,20210612,20210613,20210614,20210619,20210622,20210624,20210625,20210627,20210628,20210630,20210703 
G.4.4_index_4_VS_G.3.5_index_5 [6] 
20210530,20210603,20210604,20210605,20210606,20210607,20210609,20210610,20210611,20210612,20210613,20210614,20210616,20210619,20210624,20210703,20210704 
Number is 17 
G.5.6_index_1_VS_G.5.4_index_2 [7] PLUS 1 
20210603,20210605,20210609,20210610,20210611,20210612,20210613,20210614,20210615,20210617,20210620,20210621,20210622,20210623,20210626,20210629,20210630,20210701,20210702,20210703 
G.3.3_index_3_VS_G.4.3_index_3 [8] PLUS 1 
20210530,20210602,20210603,20210605,20210606,20210609,20210610,20210611,20210612,20210613,20210614,20210615,20210616,20210619,20210622,20210623,20210626,20210628,20210629,20210630,20210701 
G.4.4_index_4_VS_G.7.4_index_2 [9] PLUS 1 
20210530,20210531,20210601,20210602,20210604,20210605,20210606,20210609,20210610,20210611,20210612,20210613,20210614,20210615,20210617,20210618,20210619,20210624,20210629,20210630,20210703 
G.5.6_index_1_VS_G.7.4_index_2 [10] PLUS 1 
20210601,20210604,20210605,20210606,20210607,20210609,20210610,20210611,20210612,20210613,20210614,20210615,20210619,20210623,20210624,20210627,20210629,20210702,20210703,20210704 
Number is 20 
G.4.2_index_3_VS_G.5.4_index_1 [11] 
20210603,20210606,20210607,20210609,20210610,20210611,20210612,20210613,20210614,20210617,20210619,20210620,20210621,20210624,20210626,20210628,20210629,20210630,20210701,20210703,20210704 
G.5.5_index_1_VS_G.6.3_index_2 [12] 
20210530,20210601,20210604,20210605,20210609,20210610,20210611,20210612,20210613,20210614,20210617,20210618,20210626,20210627,20210629,20210630,20210702,20210704 
Number is 22 
G.5.1_index_1_VS_G.5.5_index_1 [13] PLUS 1 
20210603,20210609,20210610,20210611,20210612,20210613,20210614,20210615,20210617,20210618,20210621,20210622,20210624,20210628,20210629,20210702,20210704 
Number is 25 
G.5.5_index_1_VS_G.3.2_index_3 [14] 
20210603,20210609,20210610,20210611,20210612,20210613,20210614,20210617,20210618,20210621,20210628,20210629,20210701,20210702 
Number is 28 
G.7.4_index_1_VS_G.5.6_index_2 [15] 
20210530,20210531,20210601,20210608,20210609,20210610,20210611,20210612,20210613,20210614,20210617,20210619,20210624,20210626,20210627,20210628,20210630,20210703,20210704 
G.6.2_index_1_VS_G.5.6_index_2 [16] 
20210530,20210531,20210603,20210604,20210608,20210609,20210610,20210611,20210612,20210613,20210614,20210618,20210619,20210621,20210622,20210625,20210626,20210627,20210628,20210703 
Number is 32 
G.6.1_index_2_VS_G.5.5_index_1 [17] 
20210603,20210604,20210605,20210606,20210609,20210610,20210611,20210612,20210613,20210614,20210619,20210620,20210621,20210624,20210626,20210628,20210630,20210701,20210704 
Number is 34 
G.3.5_index_5_VS_G.DB_index_3 [18] 
20210530,20210531,20210605,20210608,20210609,20210610,20210611,20210612,20210613,20210614,20210616,20210617,20210619,20210622,20210627,20210630,20210701 
Number is 35 
G.3.5_index_5_VS_G.5.3_index_4 [19] 
20210530,20210604,20210605,20210606,20210609,20210610,20210611,20210612,20210613,20210614,20210616,20210623,20210624,20210628,20210701 
Number is 37 
G.3.5_index_5_VS_G.6.2_index_3 [20] 
20210531,20210601,20210603,20210604,20210605,20210608,20210609,20210610,20210611,20210612,20210613,20210614,20210616,20210617,20210621,20210624,20210628 
Number is 38 
G.2.2_index_4_VS_G.5.6_index_2 [21] 
20210530,20210531,20210605,20210608,20210609,20210610,20210611,20210612,20210613,20210614,20210618,20210619,20210620,20210621,20210622,20210625,20210629,20210704 
Number is 43 
G.3.6_index_3_VS_G.DB_index_5 [22] 
20210530,20210604,20210608,20210609,20210610,20210611,20210612,20210613,20210614,20210616,20210617,20210621,20210623,20210624,20210626,20210628,20210629,20210701,20210704 
Number is 68 
G.5.3_index_3_VS_G.5.6_index_2 [23] PLUS 1 
20210530,20210601,20210602,20210608,20210609,20210610,20210611,20210612,20210613,20210614,20210615,20210617,20210618,20210620,20210621,20210624,20210630 
Number is 69 
G.6.2_index_2_VS_G.3.6_index_4 [24] 
20210530,20210531,20210604,20210608,20210609,20210610,20210611,20210612,20210613,20210614,20210617,20210618,20210619,20210621,20210626,20210627,20210703 
G.5.3_index_3_VS_G.1.1_index_4 [25] 
20210530,20210531,20210605,20210606,20210609,20210610,20210611,20210612,20210613,20210614,20210616,20210618,20210621,20210628,20210703 
Number is 72 
G.2.1_index_4_VS_G.2.2_index_3 [26] 
20210531,20210601,20210602,20210604,20210605,20210607,20210609,20210610,20210611,20210612,20210613,20210614,20210617,20210621,20210622,20210625,20210702 
Number is 73 
G.6.2_index_3_VS_G.6.1_index_2 [27] 
20210531,20210601,20210604,20210605,20210606,20210609,20210610,20210611,20210612,20210613,20210614,20210618,20210619,20210621,20210622,20210624,20210625,20210630,20210701 
Number is 77 
G.3.6_index_5_VS_G.6.2_index_3 [28] 
20210530,20210601,20210602,20210603,20210604,20210605,20210607,20210608,20210609,20210610,20210611,20210612,20210613,20210614,20210616,20210619,20210622,20210625,20210627,20210702,20210704 
Number is 78 
G.5.5_index_2_VS_G.5.6_index_2 [29] 
20210531,20210601,20210603,20210604,20210609,20210610,20210611,20210612,20210613,20210614,20210617,20210618,20210619,20210621,20210628,20210703,20210704 
Number is 79 
G.2.1_index_2_VS_G.4.4_index_2 [30] 
20210530,20210601,20210604,20210607,20210608,20210609,20210610,20210611,20210612,20210613,20210614,20210617,20210618,20210622,20210624,20210626,20210701,20210704 
Number is 81 
G.5.6_index_2_VS_G.5.2_index_4 [31] 
20210608,20210609,20210610,20210611,20210612,20210613,20210614,20210616,20210617,20210619,20210622,20210625,20210626,20210628,20210629,20210630 
Number is 82 
G.5.1_index_2_VS_G.2.2_index_3 [32] 
20210531,20210601,20210602,20210603,20210604,20210609,20210610,20210611,20210612,20210613,20210614,20210617,20210619,20210628,20210703 
G.3.1_index_1_VS_G.3.6_index_1 [33] 
20210605,20210608,20210609,20210610,20210611,20210612,20210613,20210614,20210617,20210618,20210619,20210621,20210623,20210625,20210626,20210630,20210702,20210703,20210704 
Number is 83 
G.1.1_index_1_VS_G.3.5_index_5 [34] 
20210601,20210603,20210604,20210608,20210609,20210610,20210611,20210612,20210613,20210614,20210616,20210618,20210619,20210620,20210622,20210623,20210625,20210627,20210701,20210703 
G.1.1_index_1_VS_G.2.1_index_5 [35] 
20210601,20210602,20210603,20210607,20210608,20210609,20210610,20210611,20210612,20210613,20210614,20210619,20210620,20210623,20210626,20210627,20210701,20210702 
Number is 87 
G.5.1_index_2_VS_G.3.6_index_5 [36] 
20210601,20210603,20210604,20210608,20210609,20210610,20210611,20210612,20210613,20210614,20210616,20210618,20210620,20210622,20210624,20210625,20210626,20210627,20210628,20210701,20210702,20210703,20210704 
Number is 89 
G.7.1_index_2_VS_G.7.3_index_2 [37] PLUS 1 
20210601,20210602,20210603,20210604,20210609,20210610,20210611,20210612,20210613,20210614,20210615,20210616,20210618,20210621,20210622,20210624,20210625,20210628,20210702,20210703 
Number is 90 
G.1.1_index_5_VS_G.5.4_index_1 [38] PLUS 1 
20210531,20210601,20210602,20210604,20210606,20210607,20210609,20210610,20210611,20210612,20210613,20210614,20210615,20210616,20210619,20210622,20210627,20210628,20210630 
Number is 92 
G.1.1_index_4_VS_G.5.1_index_1 [39] 
20210607,20210609,20210610,20210611,20210612,20210613,20210614,20210618,20210628,20210629,20210703,20210704 
