======== Current: 20210616 ========= 
Number is 08 
G.5.2_index_4_VS_G.3.2_index_1 [1] 
20210605,20210606,20210608,20210610,20210611,20210612,20210613,20210614,20210615,20210617,20210618,20210621,20210623,20210625,20210626,20210627,20210701,20210702 
Number is 11 
G.5.3_index_3_VS_G.5.6_index_2 [2] 
20210530,20210601,20210602,20210608,20210609,20210610,20210611,20210612,20210613,20210614,20210615,20210617,20210618,20210620,20210621,20210624,20210630 
Number is 18 
G.5.6_index_4_VS_G.1.1_index_4 [3] PLUS 1 
20210531,20210601,20210602,20210604,20210606,20210607,20210608,20210610,20210611,20210612,20210613,20210614,20210615,20210616,20210619,20210621,20210623,20210626,20210627,20210630,20210703,20210704 
Number is 21 
G.4.1_index_4_VS_G.5.6_index_4 [4] PLUS 1 
20210531,20210601,20210603,20210604,20210610,20210611,20210612,20210613,20210614,20210615,20210616,20210618,20210619,20210621,20210625,20210626,20210627,20210630,20210703 
Number is 27 
G.3.6_index_4_VS_G.3.3_index_3 [5] 
20210601,20210607,20210610,20210611,20210612,20210613,20210614,20210615,20210617,20210618,20210620,20210625,20210626,20210628,20210702,20210704 
Number is 31 
G.7.1_index_2_VS_G.5.6_index_2 [6] 
20210530,20210601,20210610,20210611,20210612,20210613,20210614,20210615,20210620,20210621,20210626,20210627,20210628,20210704 
Number is 33 
G.2.2_index_3_VS_G.2.2_index_3 [7] 
20210601,20210604,20210605,20210610,20210611,20210612,20210613,20210614,20210615,20210619,20210620,20210622,20210624,20210627,20210703 
Number is 38 
G.3.5_index_2_VS_G.1.1_index_4 [8] 
20210531,20210602,20210603,20210604,20210607,20210610,20210611,20210612,20210613,20210614,20210615,20210620,20210623,20210624,20210625,20210627,20210629,20210701,20210703 
Number is 39 
G.7.1_index_2_VS_G.7.3_index_2 [9] PLUS 1 
20210601,20210602,20210603,20210604,20210609,20210610,20210611,20210612,20210613,20210614,20210615,20210616,20210618,20210621,20210622,20210624,20210625,20210628,20210702,20210703 
Number is 58 
G.4.4_index_3_VS_G.1.1_index_4 [10] 
20210530,20210601,20210602,20210605,20210607,20210608,20210609,20210610,20210611,20210612,20210613,20210614,20210615,20210618,20210619,20210620,20210626,20210627,20210703,20210704 
Number is 59 
G.4.4_index_3_VS_G.3.1_index_4 [11] 
20210531,20210605,20210608,20210610,20210611,20210612,20210613,20210614,20210615,20210619,20210620,20210621,20210625,20210626,20210627,20210630,20210704 
G.5.1_index_1_VS_G.5.5_index_1 [12] 
20210603,20210609,20210610,20210611,20210612,20210613,20210614,20210615,20210617,20210618,20210621,20210622,20210624,20210628,20210629,20210702,20210704 
Number is 63 
G.1.1_index_5_VS_G.5.4_index_1 [13] PLUS 1 
20210531,20210601,20210602,20210604,20210606,20210607,20210609,20210610,20210611,20210612,20210613,20210614,20210615,20210616,20210619,20210622,20210627,20210628,20210630 
Number is 69 
G.4.4_index_4_VS_G.7.4_index_2 [14] 
20210530,20210531,20210601,20210602,20210604,20210605,20210606,20210609,20210610,20210611,20210612,20210613,20210614,20210615,20210617,20210618,20210619,20210624,20210629,20210630,20210703 
Number is 79 
G.3.3_index_3_VS_G.4.3_index_3 [15] PLUS 1 
20210530,20210602,20210603,20210605,20210606,20210609,20210610,20210611,20210612,20210613,20210614,20210615,20210616,20210619,20210622,20210623,20210626,20210628,20210629,20210630,20210701 
Number is 86 
G.3.5_index_3_VS_G.4.4_index_4 [16] PLUS 1 
20210530,20210604,20210607,20210610,20210611,20210612,20210613,20210614,20210615,20210616,20210619,20210620,20210624,20210626,20210627,20210628,20210630,20210701,20210703,20210704 
Number is 96 
G.5.6_index_1_VS_G.5.4_index_2 [17] 
20210603,20210605,20210609,20210610,20210611,20210612,20210613,20210614,20210615,20210617,20210620,20210621,20210622,20210623,20210626,20210629,20210630,20210701,20210702,20210703 
Number is 99 
G.5.6_index_1_VS_G.7.4_index_2 [18] 
20210601,20210604,20210605,20210606,20210607,20210609,20210610,20210611,20210612,20210613,20210614,20210615,20210619,20210623,20210624,20210627,20210629,20210702,20210703,20210704 
