======== Last: 20210705 ========= 
Number is 01 
G.3.5_index_2_VS_G.4.4_index_3 [1] 
Ngay: 20210530,20210601,20210603,20210606,20210608,20210609,20210611,20210612,20210613,20210614,20210615,20210616,20210619,20210625,20210626,20210627,20210629,20210630,20210701 
G.DB_index_4_VS_G.5.6_index_2 [2] 
Ngay: 20210601,20210606,20210609,20210611,20210612,20210613,20210614,20210615,20210616,20210618,20210619,20210627,20210629,20210630,20210703 
Number is 07 
G.3.5_index_2_VS_G.4.1_index_4 [3] 
Ngay: 20210530,20210531,20210601,20210603,20210604,20210611,20210612,20210613,20210614,20210615,20210616,20210622,20210624,20210625,20210626,20210627,20210629,20210702 
Number is 19 
G.5.6_index_2_VS_G.1.1_index_2 [4] 
Ngay: 20210601,20210604,20210609,20210611,20210612,20210613,20210614,20210615,20210616,20210617,20210619,20210620,20210626,20210628,20210629,20210701,20210702,20210703 
Number is 22 
G.1.1_index_5_VS_G.5.4_index_1 [5] 
Ngay: 20210531,20210601,20210602,20210604,20210606,20210607,20210609,20210610,20210611,20210612,20210613,20210614,20210615,20210616,20210619,20210622,20210627,20210628,20210630 
Number is 28 
G.2.2_index_3_VS_G.4.4_index_4 [6] 
Ngay: 20210531,20210604,20210608,20210611,20210612,20210613,20210614,20210615,20210616,20210622,20210624,20210626,20210627,20210628,20210701,20210703 
Number is 29 
G.5.5_index_4_VS_G.3.3_index_1 [7] 
Ngay: 20210609,20210611,20210612,20210613,20210614,20210615,20210616,20210617,20210618,20210621,20210625,20210626,20210701 
Number is 37 
G.2.2_index_4_VS_G.3.4_index_2 [8] 
Ngay: 20210531,20210607,20210608,20210611,20210612,20210613,20210614,20210615,20210616,20210617,20210618,20210620,20210621,20210622,20210623,20210624,20210626,20210629,20210630,20210702 
Number is 41 
G.5.3_index_4_VS_G.1.1_index_4 [9] 
Ngay: 20210605,20210607,20210608,20210611,20210612,20210613,20210614,20210615,20210616,20210623,20210624,20210626,20210628,20210629,20210702,20210703 
G.5.6_index_4_VS_G.1.1_index_4 [10] 
Ngay: 20210531,20210601,20210602,20210604,20210606,20210607,20210608,20210610,20210611,20210612,20210613,20210614,20210615,20210616,20210619,20210621,20210623,20210626,20210627,20210630,20210703,20210704 
Number is 44 
G.5.3_index_2_VS_G.2.1_index_4 [11] 
Ngay: 20210601,20210604,20210605,20210606,20210611,20210612,20210613,20210614,20210615,20210616,20210617,20210620,20210623,20210626,20210627,20210629,20210630,20210701,20210702 
Number is 46 
G.7.1_index_2_VS_G.7.3_index_2 [12] 
Ngay: 20210601,20210602,20210603,20210604,20210609,20210610,20210611,20210612,20210613,20210614,20210615,20210616,20210618,20210621,20210622,20210624,20210625,20210628,20210702,20210703 
Number is 47 
G.5.3_index_4_VS_G.3.2_index_5 [13] 
Ngay: 20210530,20210602,20210604,20210607,20210608,20210609,20210611,20210612,20210613,20210614,20210615,20210616,20210617,20210620,20210622,20210626,20210628,20210701 
Number is 51 
G.3.3_index_3_VS_G.4.3_index_3 [14] 
Ngay: 20210530,20210602,20210603,20210605,20210606,20210609,20210610,20210611,20210612,20210613,20210614,20210615,20210616,20210619,20210622,20210623,20210626,20210628,20210629,20210630,20210701 
Number is 55 
G.3.1_index_1_VS_G.5.1_index_2 [15] 
Ngay: 20210608,20210611,20210612,20210613,20210614,20210615,20210616,20210617,20210619,20210624,20210625,20210626,20210627,20210628,20210629,20210630,20210701,20210702,20210703 
Number is 67 
G.7.3_index_2_VS_G.4.1_index_4 [16] 
Ngay: 20210531,20210602,20210603,20210604,20210606,20210608,20210611,20210612,20210613,20210614,20210615,20210616,20210617,20210619,20210620,20210623,20210627,20210628,20210703 
Number is 74 
G.4.1_index_4_VS_G.5.3_index_4 [17] 
Ngay: 20210602,20210603,20210605,20210609,20210611,20210612,20210613,20210614,20210615,20210616,20210620,20210628 
G.4.1_index_4_VS_G.5.6_index_4 [18] 
Ngay: 20210531,20210601,20210603,20210604,20210610,20210611,20210612,20210613,20210614,20210615,20210616,20210618,20210619,20210621,20210625,20210626,20210627,20210630,20210703 
Number is 76 
G.4.3_index_1_VS_G.4.2_index_1 [19] 
Ngay: 20210605,20210608,20210609,20210611,20210612,20210613,20210614,20210615,20210616,20210618,20210620,20210621,20210623,20210625,20210629,20210701,20210702,20210703 
Number is 77 
G.3.5_index_3_VS_G.3.1_index_3 [20] 
Ngay: 20210601,20210606,20210607,20210608,20210609,20210611,20210612,20210613,20210614,20210615,20210616,20210617,20210618,20210623,20210627,20210628,20210630,20210703,20210704 
Number is 78 
G.3.5_index_3_VS_G.4.4_index_4 [21] 
Ngay: 20210530,20210604,20210607,20210610,20210611,20210612,20210613,20210614,20210615,20210616,20210619,20210620,20210624,20210626,20210627,20210628,20210630,20210701,20210703,20210704 
Number is 86 
G.3.1_index_4_VS_G.5.3_index_1 [22] 
Ngay: 20210602,20210605,20210606,20210607,20210608,20210609,20210611,20210612,20210613,20210614,20210615,20210616,20210621,20210624,20210625,20210626,20210627,20210629,20210630,20210702,20210703,20210704 
Number is 93 
G.5.4_index_2_VS_G.3.4_index_1 [23] 
Ngay: 20210602,20210605,20210607,20210609,20210611,20210612,20210613,20210614,20210615,20210616,20210617,20210618,20210621,20210623,20210627,20210701,20210702 
