======== Current: 20210617 ========= 
Number is 06 
G.5.3_index_2_VS_G.2.1_index_4 [1] PLUS 1 
20210601,20210604,20210605,20210606,20210611,20210612,20210613,20210614,20210615,20210616,20210617,20210620,20210623,20210626,20210627,20210629,20210630,20210701,20210702 
Number is 10 
G.5.3_index_4_VS_G.1.1_index_4 [2] 
20210605,20210607,20210608,20210611,20210612,20210613,20210614,20210615,20210616,20210623,20210624,20210626,20210628,20210629,20210702,20210703 
Number is 11 
G.3.1_index_4_VS_G.5.3_index_1 [3] 
20210602,20210605,20210606,20210607,20210608,20210609,20210611,20210612,20210613,20210614,20210615,20210616,20210621,20210624,20210625,20210626,20210627,20210629,20210630,20210702,20210703,20210704 
Number is 13 
G.5.3_index_4_VS_G.3.2_index_5 [4] PLUS 1 
20210530,20210602,20210604,20210607,20210608,20210609,20210611,20210612,20210613,20210614,20210615,20210616,20210617,20210620,20210622,20210626,20210628,20210701 
Number is 17 
G.2.2_index_3_VS_G.4.4_index_4 [5] 
20210531,20210604,20210608,20210611,20210612,20210613,20210614,20210615,20210616,20210622,20210624,20210626,20210627,20210628,20210701,20210703 
Number is 21 
G.3.5_index_3_VS_G.3.1_index_3 [6] PLUS 1 
20210601,20210606,20210607,20210608,20210609,20210611,20210612,20210613,20210614,20210615,20210616,20210617,20210618,20210623,20210627,20210628,20210630,20210703,20210704 
Number is 27 
G.3.5_index_3_VS_G.4.4_index_4 [7] 
20210530,20210604,20210607,20210610,20210611,20210612,20210613,20210614,20210615,20210616,20210619,20210620,20210624,20210626,20210627,20210628,20210630,20210701,20210703,20210704 
Number is 28 
G.4.3_index_1_VS_G.4.2_index_1 [8] 
20210605,20210608,20210609,20210611,20210612,20210613,20210614,20210615,20210616,20210618,20210620,20210621,20210623,20210625,20210629,20210701,20210702,20210703 
Number is 33 
G.1.1_index_5_VS_G.5.4_index_1 [9] 
20210531,20210601,20210602,20210604,20210606,20210607,20210609,20210610,20210611,20210612,20210613,20210614,20210615,20210616,20210619,20210622,20210627,20210628,20210630 
Number is 51 
G.4.1_index_4_VS_G.5.3_index_4 [10] 
20210602,20210603,20210605,20210609,20210611,20210612,20210613,20210614,20210615,20210616,20210620,20210628 
Number is 55 
G.7.3_index_2_VS_G.4.1_index_4 [11] PLUS 1 
20210531,20210602,20210603,20210604,20210606,20210608,20210611,20210612,20210613,20210614,20210615,20210616,20210617,20210619,20210620,20210623,20210627,20210628,20210703 
Number is 56 
G.3.1_index_1_VS_G.5.1_index_2 [12] PLUS 1 
20210608,20210611,20210612,20210613,20210614,20210615,20210616,20210617,20210619,20210624,20210625,20210626,20210627,20210628,20210629,20210630,20210701,20210702,20210703 
Number is 57 
G.4.1_index_4_VS_G.5.6_index_4 [13] 
20210531,20210601,20210603,20210604,20210610,20210611,20210612,20210613,20210614,20210615,20210616,20210618,20210619,20210621,20210625,20210626,20210627,20210630,20210703 
Number is 65 
G.5.4_index_2_VS_G.3.4_index_1 [14] PLUS 1 
20210602,20210605,20210607,20210609,20210611,20210612,20210613,20210614,20210615,20210616,20210617,20210618,20210621,20210623,20210627,20210701,20210702 
Number is 69 
G.DB_index_4_VS_G.5.6_index_2 [15] 
20210601,20210606,20210609,20210611,20210612,20210613,20210614,20210615,20210616,20210618,20210619,20210627,20210629,20210630,20210703 
Number is 70 
G.3.5_index_2_VS_G.4.4_index_3 [16] 
20210530,20210601,20210603,20210606,20210608,20210609,20210611,20210612,20210613,20210614,20210615,20210616,20210619,20210625,20210626,20210627,20210629,20210630,20210701 
G.5.6_index_4_VS_G.1.1_index_4 [17] 
20210531,20210601,20210602,20210604,20210606,20210607,20210608,20210610,20210611,20210612,20210613,20210614,20210615,20210616,20210619,20210621,20210623,20210626,20210627,20210630,20210703,20210704 
Number is 71 
G.3.3_index_3_VS_G.4.3_index_3 [18] 
20210530,20210602,20210603,20210605,20210606,20210609,20210610,20210611,20210612,20210613,20210614,20210615,20210616,20210619,20210622,20210623,20210626,20210628,20210629,20210630,20210701 
Number is 75 
G.3.5_index_2_VS_G.4.1_index_4 [19] 
20210530,20210531,20210601,20210603,20210604,20210611,20210612,20210613,20210614,20210615,20210616,20210622,20210624,20210625,20210626,20210627,20210629,20210702 
Number is 87 
G.5.5_index_4_VS_G.3.3_index_1 [20] PLUS 1 
20210609,20210611,20210612,20210613,20210614,20210615,20210616,20210617,20210618,20210621,20210625,20210626,20210701 
Number is 92 
G.2.2_index_4_VS_G.3.4_index_2 [21] PLUS 1 
20210531,20210607,20210608,20210611,20210612,20210613,20210614,20210615,20210616,20210617,20210618,20210620,20210621,20210622,20210623,20210624,20210626,20210629,20210630,20210702 
G.5.6_index_2_VS_G.1.1_index_2 [22] PLUS 1 
20210601,20210604,20210609,20210611,20210612,20210613,20210614,20210615,20210616,20210617,20210619,20210620,20210626,20210628,20210629,20210701,20210702,20210703 
Number is 95 
G.7.1_index_2_VS_G.7.3_index_2 [23] 
20210601,20210602,20210603,20210604,20210609,20210610,20210611,20210612,20210613,20210614,20210615,20210616,20210618,20210621,20210622,20210624,20210625,20210628,20210702,20210703 
