======== Current: 20210619 ========= 
Number is 01 
G.5.6_index_2_VS_G.4.1_index_3 [1] PLUS 1 
20210531,20210605,20210608,20210613,20210614,20210615,20210616,20210617,20210618,20210619,20210621,20210625,20210626,20210628,20210630,20210703,20210704 
Number is 10 
G.4.1_index_3_VS_G.3.1_index_1 [2] PLUS 1 
20210530,20210531,20210601,20210603,20210607,20210608,20210610,20210613,20210614,20210615,20210616,20210617,20210618,20210619,20210621,20210622,20210623,20210626,20210628,20210701,20210702,20210703,20210704 
Number is 12 
G.4.1_index_2_VS_G.7.1_index_2 [3] 
20210604,20210608,20210613,20210614,20210615,20210616,20210617,20210618,20210621,20210622,20210623,20210626,20210628,20210701 
Number is 15 
G.4.1_index_3_VS_G.4.3_index_4 [4] PLUS 1 
20210531,20210601,20210607,20210608,20210611,20210613,20210614,20210615,20210616,20210617,20210618,20210619,20210625,20210630,20210702,20210703 
Number is 18 
G.3.1_index_4_VS_G.5.4_index_1 [5] PLUS 1 
20210530,20210602,20210603,20210604,20210609,20210610,20210612,20210613,20210614,20210615,20210616,20210617,20210618,20210619,20210620,20210621,20210626,20210629,20210703 
Number is 19 
G.4.1_index_4_VS_G.5.2_index_4 [6] 
20210531,20210602,20210603,20210605,20210606,20210607,20210608,20210609,20210612,20210613,20210614,20210615,20210616,20210617,20210618,20210625,20210626,20210701,20210702 
G.6.1_index_1_VS_G.3.4_index_1 [7] 
20210530,20210601,20210602,20210604,20210612,20210613,20210614,20210615,20210616,20210617,20210618,20210621,20210623,20210624,20210625,20210629,20210630,20210702 
G.4.1_index_4_VS_G.5.1_index_2 [8] 
20210530,20210531,20210603,20210604,20210606,20210610,20210611,20210613,20210614,20210615,20210616,20210617,20210618,20210620,20210621,20210622,20210623,20210626,20210627,20210628,20210701,20210703 
Number is 29 
G.7.3_index_1_VS_G.6.3_index_1 [9] 
20210602,20210603,20210607,20210608,20210612,20210613,20210614,20210615,20210616,20210617,20210618,20210622,20210623,20210624,20210626,20210629,20210703,20210704 
Number is 37 
G.3.5_index_3_VS_G.3.1_index_3 [10] 
20210601,20210606,20210607,20210608,20210609,20210611,20210612,20210613,20210614,20210615,20210616,20210617,20210618,20210623,20210627,20210628,20210630,20210703,20210704 
Number is 39 
G.3.5_index_3_VS_G.3.4_index_1 [11] 
20210606,20210607,20210612,20210613,20210614,20210615,20210616,20210617,20210618,20210620,20210621,20210624,20210702,20210703 
G.5.4_index_2_VS_G.3.4_index_1 [12] 
20210602,20210605,20210607,20210609,20210611,20210612,20210613,20210614,20210615,20210616,20210617,20210618,20210621,20210623,20210627,20210701,20210702 
Number is 41 
G.4.4_index_2_VS_G.6.3_index_2 [13] PLUS 1 
20210530,20210531,20210601,20210606,20210607,20210608,20210612,20210613,20210614,20210615,20210616,20210617,20210618,20210619,20210621,20210623,20210624,20210625,20210629,20210630,20210701,20210702,20210703,20210704 
Number is 43 
G.3.1_index_2_VS_G.4.4_index_4 [14] PLUS 1 
20210530,20210531,20210602,20210604,20210605,20210607,20210608,20210611,20210613,20210614,20210615,20210616,20210617,20210618,20210619,20210621,20210622,20210624,20210626,20210627,20210701,20210703 
Number is 46 
G.DB_index_3_VS_G.3.3_index_3 [15] 
20210531,20210601,20210607,20210608,20210609,20210610,20210611,20210613,20210614,20210615,20210616,20210617,20210618,20210620,20210622,20210626,20210628,20210630,20210701,20210703,20210704 
G.3.6_index_3_VS_G.3.3_index_3 [16] 
20210601,20210603,20210604,20210607,20210608,20210609,20210610,20210613,20210614,20210615,20210616,20210617,20210618,20210622,20210623,20210625,20210626,20210702,20210703,20210704 
Number is 49 
G.4.4_index_2_VS_G.3.3_index_2 [17] 
20210601,20210602,20210603,20210605,20210606,20210607,20210608,20210609,20210610,20210611,20210613,20210614,20210615,20210616,20210617,20210618,20210622,20210623,20210626,20210630,20210701 
Number is 60 
G.2.2_index_4_VS_G.3.5_index_5 [18] PLUS 1 
20210530,20210531,20210601,20210604,20210607,20210609,20210610,20210613,20210614,20210615,20210616,20210617,20210618,20210619,20210620,20210627,20210704 
Number is 63 
G.5.5_index_4_VS_G.3.3_index_1 [19] 
20210609,20210611,20210612,20210613,20210614,20210615,20210616,20210617,20210618,20210621,20210625,20210626,20210701 
Number is 64 
G.2.2_index_4_VS_G.3.4_index_2 [20] 
20210531,20210607,20210608,20210611,20210612,20210613,20210614,20210615,20210616,20210617,20210618,20210620,20210621,20210622,20210623,20210624,20210626,20210629,20210630,20210702 
Number is 70 
G.5.1_index_4_VS_G.3.5_index_5 [21] PLUS 1 
20210601,20210603,20210605,20210606,20210609,20210610,20210612,20210613,20210614,20210615,20210616,20210617,20210618,20210619,20210620,20210622,20210625,20210626,20210627,20210704 
Number is 79 
G.3.5_index_4_VS_G.6.3_index_1 [22] 
20210530,20210531,20210601,20210604,20210606,20210607,20210609,20210610,20210613,20210614,20210615,20210616,20210617,20210618,20210621,20210623,20210624,20210701,20210703,20210704 
Number is 82 
G.4.4_index_3_VS_G.7.3_index_1 [23] PLUS 1 
20210530,20210601,20210603,20210605,20210608,20210613,20210614,20210615,20210616,20210617,20210618,20210619,20210620,20210628,20210629,20210703 
Number is 84 
G.5.4_index_1_VS_G.4.2_index_2 [24] PLUS 1 
20210602,20210607,20210609,20210612,20210613,20210614,20210615,20210616,20210617,20210618,20210619,20210623,20210629,20210630,20210704 
Number is 94 
G.5.1_index_2_VS_G.DB_index_3 [25] 
20210601,20210602,20210607,20210609,20210613,20210614,20210615,20210616,20210617,20210618,20210620,20210621,20210703,20210704 
Number is 96 
G.3.4_index_1_VS_G.3.2_index_1 [26] 
20210530,20210605,20210608,20210611,20210613,20210614,20210615,20210616,20210617,20210618,20210620,20210625,20210627,20210628,20210629,20210630,20210701,20210702,20210703 
Number is 98 
G.4.2_index_1_VS_G.5.6_index_4 [27] 
20210601,20210604,20210607,20210608,20210609,20210610,20210613,20210614,20210615,20210616,20210617,20210618,20210629,20210630,20210702 
Number is 99 
G.2.2_index_3_VS_G.3.3_index_4 [28] PLUS 1 
20210601,20210606,20210609,20210610,20210613,20210614,20210615,20210616,20210617,20210618,20210619,20210620,20210622,20210624,20210625,20210626,20210702,20210703 
