======== Current: 20210620 ========= 
Number is 06 
G.2.2_index_1_VS_G.7.2_index_1 [1] 
20210530,20210531,20210606,20210607,20210610,20210611,20210612,20210614,20210615,20210616,20210617,20210618,20210619,20210622,20210624,20210625,20210626,20210627,20210630,20210701,20210702,20210703,20210704 
Number is 14 
G.3.1_index_4_VS_G.5.4_index_1 [2] PLUS 1 
20210530,20210602,20210603,20210604,20210609,20210610,20210612,20210613,20210614,20210615,20210616,20210617,20210618,20210619,20210620,20210621,20210626,20210629,20210703 
G.5.6_index_1_VS_G.4.1_index_3 [3] PLUS 1 
20210531,20210603,20210605,20210606,20210612,20210614,20210615,20210616,20210617,20210618,20210619,20210620,20210621,20210626,20210627,20210628,20210702,20210703 
Number is 15 
G.3.1_index_2_VS_G.4.4_index_4 [4] 
20210530,20210531,20210602,20210604,20210605,20210607,20210608,20210611,20210613,20210614,20210615,20210616,20210617,20210618,20210619,20210621,20210622,20210624,20210626,20210627,20210701,20210703 
Number is 16 
G.6.2_index_1_VS_G.5.3_index_2 [5] 
20210530,20210531,20210603,20210604,20210605,20210606,20210614,20210615,20210616,20210617,20210618,20210619,20210621,20210623,20210626,20210704 
Number is 17 
G.2.2_index_3_VS_G.3.3_index_4 [6] PLUS 1 
20210601,20210606,20210609,20210610,20210613,20210614,20210615,20210616,20210617,20210618,20210619,20210620,20210622,20210624,20210625,20210626,20210702,20210703 
Number is 26 
G.3.5_index_3_VS_G.4.2_index_2 [7] PLUS 1 
20210530,20210531,20210602,20210607,20210609,20210611,20210614,20210615,20210616,20210617,20210618,20210619,20210620,20210623,20210627,20210701,20210703,20210704 
Number is 27 
G.3.5_index_3_VS_G.DB_index_3 [8] PLUS 1 
20210601,20210602,20210606,20210608,20210609,20210611,20210612,20210614,20210615,20210616,20210617,20210618,20210619,20210620 
Number is 30 
G.5.1_index_4_VS_G.3.5_index_5 [9] PLUS 1 
20210601,20210603,20210605,20210606,20210609,20210610,20210612,20210613,20210614,20210615,20210616,20210617,20210618,20210619,20210620,20210622,20210625,20210626,20210627,20210704 
Number is 36 
G.4.4_index_3_VS_G.7.3_index_1 [10] PLUS 1 
20210530,20210601,20210603,20210605,20210608,20210613,20210614,20210615,20210616,20210617,20210618,20210619,20210620,20210628,20210629,20210703 
Number is 43 
G.4.4_index_2_VS_G.6.3_index_2 [11] 
20210530,20210531,20210601,20210606,20210607,20210608,20210612,20210613,20210614,20210615,20210616,20210617,20210618,20210619,20210621,20210623,20210624,20210625,20210629,20210630,20210701,20210702,20210703,20210704 
Number is 45 
G.3.6_index_3_VS_G.3.3_index_1 [12] 
20210530,20210602,20210603,20210604,20210614,20210615,20210616,20210617,20210618,20210619,20210622,20210624,20210626,20210701 
G.4.1_index_3_VS_G.4.3_index_4 [13] 
20210531,20210601,20210607,20210608,20210611,20210613,20210614,20210615,20210616,20210617,20210618,20210619,20210625,20210630,20210702,20210703 
Number is 46 
G.5.4_index_1_VS_G.4.2_index_2 [14] 
20210602,20210607,20210609,20210612,20210613,20210614,20210615,20210616,20210617,20210618,20210619,20210623,20210629,20210630,20210704 
G.5.4_index_1_VS_G.5.3_index_2 [15] 
20210602,20210604,20210605,20210607,20210609,20210614,20210615,20210616,20210617,20210618,20210619,20210622,20210625,20210626,20210701,20210703,20210704 
Number is 49 
G.4.1_index_3_VS_G.3.1_index_1 [16] 
20210530,20210531,20210601,20210603,20210607,20210608,20210610,20210613,20210614,20210615,20210616,20210617,20210618,20210619,20210621,20210622,20210623,20210626,20210628,20210701,20210702,20210703,20210704 
Number is 51 
G.6.1_index_1_VS_G.5.6_index_1 [17] 
20210530,20210601,20210603,20210604,20210607,20210608,20210611,20210612,20210614,20210615,20210616,20210617,20210618,20210619,20210621,20210622,20210623,20210625,20210627,20210629,20210630,20210701,20210702 
G.1.1_index_2_VS_G.3.4_index_5 [18] 
20210603,20210604,20210607,20210608,20210609,20210614,20210615,20210616,20210617,20210618,20210619,20210621,20210623,20210626,20210628,20210629,20210701,20210702,20210703 
Number is 57 
G.4.4_index_4_VS_G.3.6_index_4 [19] 
20210530,20210531,20210602,20210604,20210605,20210606,20210609,20210610,20210612,20210614,20210615,20210616,20210617,20210618,20210619,20210621,20210625,20210627,20210628,20210630,20210701,20210702,20210704 
G.3.3_index_1_VS_G.3.6_index_4 [20] 
20210608,20210609,20210612,20210614,20210615,20210616,20210617,20210618,20210619,20210624,20210626,20210628,20210702,20210704 
Number is 65 
G.DB_index_1_VS_G.4.4_index_4 [21] 
20210604,20210605,20210608,20210612,20210614,20210615,20210616,20210617,20210618,20210619,20210623,20210627,20210629 
Number is 70 
G.2.2_index_2_VS_G.3.5_index_5 [22] 
20210530,20210531,20210602,20210604,20210607,20210609,20210612,20210614,20210615,20210616,20210617,20210618,20210619,20210621,20210622,20210623,20210624,20210629,20210701,20210703 
Number is 71 
G.2.1_index_3_VS_G.3.4_index_5 [23] PLUS 1 
20210530,20210601,20210605,20210606,20210612,20210614,20210615,20210616,20210617,20210618,20210619,20210620,20210623,20210624,20210625,20210701,20210703 
Number is 80 
G.2.2_index_4_VS_G.3.5_index_5 [24] PLUS 1 
20210530,20210531,20210601,20210604,20210607,20210609,20210610,20210613,20210614,20210615,20210616,20210617,20210618,20210619,20210620,20210627,20210704 
Number is 92 
G.5.6_index_2_VS_G.2.2_index_5 [25] 
20210530,20210601,20210603,20210608,20210609,20210611,20210614,20210615,20210616,20210617,20210618,20210619,20210621,20210625,20210701,20210703 
Number is 94 
G.5.6_index_2_VS_G.4.1_index_3 [26] 
20210531,20210605,20210608,20210613,20210614,20210615,20210616,20210617,20210618,20210619,20210621,20210625,20210626,20210628,20210630,20210703,20210704 
Number is 98 
G.DB_index_5_VS_G.2.2_index_4 [27] PLUS 1 
20210603,20210604,20210606,20210608,20210614,20210615,20210616,20210617,20210618,20210619,20210620,20210622,20210623,20210626,20210628,20210629,20210630,20210701 
