======== Current: 20210621 ========= 
Number is 04 
G.6.2_index_3_VS_G.3.3_index_3 [1] 
20210530,20210531,20210601,20210603,20210606,20210607,20210608,20210609,20210610,20210613,20210615,20210616,20210617,20210618,20210619,20210620,20210623,20210626,20210701,20210704 
Number is 08 
G.3.6_index_4_VS_G.4.1_index_2 [2] PLUS 1 
20210531,20210604,20210608,20210613,20210615,20210616,20210617,20210618,20210619,20210620,20210621,20210622,20210623,20210625,20210626 
Number is 11 
G.2.2_index_4_VS_G.3.5_index_5 [3] 
20210530,20210531,20210601,20210604,20210607,20210609,20210610,20210613,20210614,20210615,20210616,20210617,20210618,20210619,20210620,20210627,20210704 
G.DB_index_5_VS_G.2.2_index_4 [4] 
20210603,20210604,20210606,20210608,20210614,20210615,20210616,20210617,20210618,20210619,20210620,20210622,20210623,20210626,20210628,20210629,20210630,20210701 
Number is 18 
G.4.1_index_1_VS_G.4.1_index_2 [5] PLUS 1 
20210601,20210603,20210604,20210607,20210608,20210609,20210610,20210611,20210613,20210615,20210616,20210617,20210618,20210619,20210620,20210621,20210623,20210625,20210627 
Number is 25 
G.5.6_index_1_VS_G.4.1_index_3 [6] PLUS 1 
20210531,20210603,20210605,20210606,20210612,20210614,20210615,20210616,20210617,20210618,20210619,20210620,20210621,20210626,20210627,20210628,20210702,20210703 
Number is 27 
G.5.6_index_1_VS_G.4.4_index_2 [7] 
20210601,20210602,20210606,20210608,20210612,20210615,20210616,20210617,20210618,20210619,20210620,20210625,20210626,20210627,20210629,20210630,20210701,20210702,20210703 
Number is 31 
G.3.5_index_3_VS_G.DB_index_3 [8] 
20210601,20210602,20210606,20210608,20210609,20210611,20210612,20210614,20210615,20210616,20210617,20210618,20210619,20210620 
Number is 35 
G.3.1_index_3_VS_G.5.4_index_1 [9] 
20210601,20210608,20210612,20210615,20210616,20210617,20210618,20210619,20210620,20210623,20210624,20210629,20210701,20210703,20210704 
Number is 39 
G.3.5_index_3_VS_G.4.2_index_2 [10] 
20210530,20210531,20210602,20210607,20210609,20210611,20210614,20210615,20210616,20210617,20210618,20210619,20210620,20210623,20210627,20210701,20210703,20210704 
Number is 41 
G.3.3_index_3_VS_G.3.4_index_3 [11] 
20210605,20210607,20210608,20210609,20210611,20210615,20210616,20210617,20210618,20210619,20210620,20210623,20210625,20210626,20210627,20210629,20210701,20210702,20210703,20210704 
Number is 45 
G.3.1_index_4_VS_G.5.4_index_1 [12] PLUS 1 
20210530,20210602,20210603,20210604,20210609,20210610,20210612,20210613,20210614,20210615,20210616,20210617,20210618,20210619,20210620,20210621,20210626,20210629,20210703 
Number is 47 
G.3.1_index_4_VS_G.3.4_index_2 [13] PLUS 1 
20210601,20210611,20210613,20210615,20210616,20210617,20210618,20210619,20210620,20210621,20210623,20210626,20210702 
Number is 48 
G.2.2_index_3_VS_G.3.3_index_4 [14] 
20210601,20210606,20210609,20210610,20210613,20210614,20210615,20210616,20210617,20210618,20210619,20210620,20210622,20210624,20210625,20210626,20210702,20210703 
Number is 50 
G.5.1_index_3_VS_G.7.1_index_2 [15] PLUS 1 
20210604,20210606,20210607,20210608,20210610,20210611,20210613,20210615,20210616,20210617,20210618,20210619,20210620,20210621,20210627,20210630,20210701,20210702,20210703 
Number is 51 
G.5.1_index_3_VS_G.4.1_index_1 [16] 
20210530,20210601,20210603,20210604,20210613,20210615,20210616,20210617,20210618,20210619,20210620,20210628,20210702 
Number is 57 
G.2.1_index_3_VS_G.3.4_index_5 [17] 
20210530,20210601,20210605,20210606,20210612,20210614,20210615,20210616,20210617,20210618,20210619,20210620,20210623,20210624,20210625,20210701,20210703 
Number is 65 
G.2.1_index_5_VS_G.5.3_index_1 [18] 
20210530,20210602,20210603,20210604,20210606,20210607,20210609,20210613,20210615,20210616,20210617,20210618,20210619,20210620,20210622,20210625,20210626,20210627,20210629,20210630,20210704 
Number is 67 
G.4.4_index_3_VS_G.7.3_index_1 [19] 
20210530,20210601,20210603,20210605,20210608,20210613,20210614,20210615,20210616,20210617,20210618,20210619,20210620,20210628,20210629,20210703 
Number is 87 
G.4.1_index_4_VS_G.3.5_index_1 [20] 
20210530,20210531,20210603,20210604,20210605,20210610,20210611,20210613,20210615,20210616,20210617,20210618,20210619,20210620,20210622,20210624,20210626,20210627,20210628,20210702 
Number is 91 
G.5.1_index_4_VS_G.3.5_index_5 [21] 
20210601,20210603,20210605,20210606,20210609,20210610,20210612,20210613,20210614,20210615,20210616,20210617,20210618,20210619,20210620,20210622,20210625,20210626,20210627,20210704 
Number is 98 
G.2.1_index_1_VS_G.4.1_index_2 [22] PLUS 1 
20210603,20210606,20210608,20210615,20210616,20210617,20210618,20210619,20210620,20210621,20210623,20210629,20210701,20210703 
