======== Last: 20210705 ========= 
Number is 12 
G.4.4_index_3_VS_G.7.3_index_1 [1] 
Ngay: 20210530,20210601,20210603,20210605,20210608,20210613,20210614,20210615,20210616,20210617,20210618,20210619,20210620,20210628,20210629,20210703 
Number is 13 
G.DB_index_5_VS_G.2.2_index_4 [2] 
Ngay: 20210603,20210604,20210606,20210608,20210614,20210615,20210616,20210617,20210618,20210619,20210620,20210622,20210623,20210626,20210628,20210629,20210630,20210701 
Number is 23 
G.2.2_index_3_VS_G.3.3_index_4 [3] 
Ngay: 20210601,20210606,20210609,20210610,20210613,20210614,20210615,20210616,20210617,20210618,20210619,20210620,20210622,20210624,20210625,20210626,20210702,20210703 
Number is 26 
G.2.1_index_5_VS_G.5.3_index_1 [4] 
Ngay: 20210530,20210602,20210603,20210604,20210606,20210607,20210609,20210613,20210615,20210616,20210617,20210618,20210619,20210620,20210622,20210625,20210626,20210627,20210629,20210630,20210704 
Number is 30 
G.2.2_index_4_VS_G.3.5_index_5 [5] 
Ngay: 20210530,20210531,20210601,20210604,20210607,20210609,20210610,20210613,20210614,20210615,20210616,20210617,20210618,20210619,20210620,20210627,20210704 
Number is 32 
G.4.1_index_1_VS_G.4.1_index_2 [6] 
Ngay: 20210601,20210603,20210604,20210607,20210608,20210609,20210610,20210611,20210613,20210615,20210616,20210617,20210618,20210619,20210620,20210621,20210623,20210625,20210627 
Number is 43 
G.5.1_index_3_VS_G.4.1_index_1 [7] 
Ngay: 20210530,20210601,20210603,20210604,20210613,20210615,20210616,20210617,20210618,20210619,20210620,20210628,20210702 
Number is 44 
G.5.1_index_3_VS_G.7.1_index_2 [8] 
Ngay: 20210604,20210606,20210607,20210608,20210610,20210611,20210613,20210615,20210616,20210617,20210618,20210619,20210620,20210621,20210627,20210630,20210701,20210702,20210703 
Number is 50 
G.5.1_index_4_VS_G.3.5_index_5 [9] 
Ngay: 20210601,20210603,20210605,20210606,20210609,20210610,20210612,20210613,20210614,20210615,20210616,20210617,20210618,20210619,20210620,20210622,20210625,20210626,20210627,20210704 
Number is 52 
G.5.6_index_1_VS_G.4.4_index_2 [10] 
Ngay: 20210601,20210602,20210606,20210608,20210612,20210615,20210616,20210617,20210618,20210619,20210620,20210625,20210626,20210627,20210629,20210630,20210701,20210702,20210703 
Number is 55 
G.3.3_index_3_VS_G.3.4_index_3 [11] 
Ngay: 20210605,20210607,20210608,20210609,20210611,20210615,20210616,20210617,20210618,20210619,20210620,20210623,20210625,20210626,20210627,20210629,20210701,20210702,20210703,20210704 
Number is 59 
G.5.6_index_1_VS_G.4.1_index_3 [12] 
Ngay: 20210531,20210603,20210605,20210606,20210612,20210614,20210615,20210616,20210617,20210618,20210619,20210620,20210621,20210626,20210627,20210628,20210702,20210703 
Number is 62 
G.3.6_index_4_VS_G.4.1_index_2 [13] 
Ngay: 20210531,20210604,20210608,20210613,20210615,20210616,20210617,20210618,20210619,20210620,20210621,20210622,20210623,20210625,20210626 
Number is 71 
G.3.5_index_3_VS_G.4.2_index_2 [14] 
Ngay: 20210530,20210531,20210602,20210607,20210609,20210611,20210614,20210615,20210616,20210617,20210618,20210619,20210620,20210623,20210627,20210701,20210703,20210704 
Number is 72 
G.3.1_index_3_VS_G.5.4_index_1 [15] 
Ngay: 20210601,20210608,20210612,20210615,20210616,20210617,20210618,20210619,20210620,20210623,20210624,20210629,20210701,20210703,20210704 
Number is 74 
G.4.1_index_4_VS_G.3.5_index_1 [16] 
Ngay: 20210530,20210531,20210603,20210604,20210605,20210610,20210611,20210613,20210615,20210616,20210617,20210618,20210619,20210620,20210622,20210624,20210626,20210627,20210628,20210702 
Number is 77 
G.3.5_index_3_VS_G.DB_index_3 [17] 
Ngay: 20210601,20210602,20210606,20210608,20210609,20210611,20210612,20210614,20210615,20210616,20210617,20210618,20210619,20210620 
Number is 82 
G.3.1_index_4_VS_G.5.4_index_1 [18] 
Ngay: 20210530,20210602,20210603,20210604,20210609,20210610,20210612,20210613,20210614,20210615,20210616,20210617,20210618,20210619,20210620,20210621,20210626,20210629,20210703 
G.2.1_index_1_VS_G.4.1_index_2 [19] 
Ngay: 20210603,20210606,20210608,20210615,20210616,20210617,20210618,20210619,20210620,20210621,20210623,20210629,20210701,20210703 
Number is 85 
G.6.2_index_3_VS_G.3.3_index_3 [20] 
Ngay: 20210530,20210531,20210601,20210603,20210606,20210607,20210608,20210609,20210610,20210613,20210615,20210616,20210617,20210618,20210619,20210620,20210623,20210626,20210701,20210704 
Number is 87 
G.3.1_index_4_VS_G.3.4_index_2 [21] 
Ngay: 20210601,20210611,20210613,20210615,20210616,20210617,20210618,20210619,20210620,20210621,20210623,20210626,20210702 
Number is 95 
G.2.1_index_3_VS_G.3.4_index_5 [22] 
Ngay: 20210530,20210601,20210605,20210606,20210612,20210614,20210615,20210616,20210617,20210618,20210619,20210620,20210623,20210624,20210625,20210701,20210703 
