======== Current: 20210622 ========= 
Number is 00 
G.DB_index_4_VS_G.4.3_index_4 [1] 
20210530,20210603,20210606,20210608,20210613,20210614,20210616,20210617,20210618,20210619,20210620,20210621,20210623,20210627,20210629,20210630,20210701,20210702,20210704 
Number is 07 
G.4.4_index_4_VS_G.7.1_index_2 [2] 
20210602,20210604,20210605,20210607,20210609,20210610,20210614,20210616,20210617,20210618,20210619,20210620,20210621,20210623,20210624,20210626,20210627,20210630,20210701,20210704 
G.7.4_index_2_VS_G.5.2_index_2 [3] 
20210531,20210603,20210604,20210605,20210610,20210612,20210616,20210617,20210618,20210619,20210620,20210621,20210628,20210701,20210704 
Number is 23 
G.3.5_index_3_VS_G.5.3_index_4 [4] PLUS 1 
20210604,20210609,20210611,20210614,20210616,20210617,20210618,20210619,20210620,20210621,20210622,20210626,20210627,20210628 
G.3.4_index_2_VS_G.6.2_index_1 [5] PLUS 1 
20210530,20210531,20210603,20210609,20210611,20210612,20210616,20210617,20210618,20210619,20210620,20210621,20210622,20210623,20210624,20210626,20210628,20210630,20210701,20210702,20210703,20210704 
G.5.6_index_2_VS_G.4.4_index_1 [6] PLUS 1 
20210601,20210602,20210603,20210604,20210607,20210609,20210611,20210613,20210614,20210616,20210617,20210618,20210619,20210620,20210621,20210622,20210623,20210626,20210627,20210630,20210704 
Number is 25 
G.3.2_index_5_VS_G.5.1_index_2 [7] 
20210531,20210601,20210606,20210607,20210608,20210610,20210611,20210612,20210613,20210614,20210616,20210617,20210618,20210619,20210620,20210621,20210623,20210625,20210628,20210701,20210704 
Number is 26 
G.5.6_index_4_VS_G.6.1_index_3 [8] 
20210601,20210604,20210605,20210606,20210607,20210608,20210609,20210612,20210613,20210614,20210616,20210617,20210618,20210619,20210620,20210621,20210626,20210629,20210630,20210701 
Number is 39 
G.DB_index_1_VS_G.4.3_index_2 [9] 
20210530,20210531,20210602,20210605,20210609,20210610,20210612,20210613,20210616,20210617,20210618,20210619,20210620,20210621,20210623,20210624,20210628,20210630,20210701,20210702 
Number is 40 
G.5.6_index_1_VS_G.4.1_index_3 [10] 
20210531,20210603,20210605,20210606,20210612,20210614,20210615,20210616,20210617,20210618,20210619,20210620,20210621,20210626,20210627,20210628,20210702,20210703 
Number is 46 
G.2.1_index_1_VS_G.4.1_index_2 [11] 
20210603,20210606,20210608,20210615,20210616,20210617,20210618,20210619,20210620,20210621,20210623,20210629,20210701,20210703 
G.4.1_index_1_VS_G.4.1_index_2 [12] 
20210601,20210603,20210604,20210607,20210608,20210609,20210610,20210611,20210613,20210615,20210616,20210617,20210618,20210619,20210620,20210621,20210623,20210625,20210627 
Number is 47 
G.5.1_index_3_VS_G.7.1_index_2 [13] 
20210604,20210606,20210607,20210608,20210610,20210611,20210613,20210615,20210616,20210617,20210618,20210619,20210620,20210621,20210627,20210630,20210701,20210702,20210703 
Number is 52 
G.3.1_index_4_VS_G.3.4_index_2 [14] 
20210601,20210611,20210613,20210615,20210616,20210617,20210618,20210619,20210620,20210621,20210623,20210626,20210702 
Number is 57 
G.3.1_index_4_VS_G.5.4_index_1 [15] 
20210530,20210602,20210603,20210604,20210609,20210610,20210612,20210613,20210614,20210615,20210616,20210617,20210618,20210619,20210620,20210621,20210626,20210629,20210703 
G.5.1_index_2_VS_G.3.4_index_1 [16] 
20210602,20210608,20210610,20210611,20210613,20210616,20210617,20210618,20210619,20210620,20210621,20210627,20210629,20210703,20210704 
Number is 63 
G.4.1_index_2_VS_G.DB_index_1 [17] PLUS 1 
20210611,20210614,20210616,20210617,20210618,20210619,20210620,20210621,20210622,20210625,20210629,20210701,20210704 
Number is 86 
G.2.2_index_1_VS_G.6.1_index_3 [18] PLUS 1 
20210530,20210601,20210606,20210607,20210609,20210612,20210616,20210617,20210618,20210619,20210620,20210621,20210622,20210623,20210624,20210626,20210628,20210629,20210702,20210703 
Number is 95 
G.6.3_index_2_VS_G.3.1_index_2 [19] PLUS 1 
20210530,20210531,20210601,20210605,20210607,20210608,20210609,20210614,20210616,20210617,20210618,20210619,20210620,20210621,20210622,20210624,20210625,20210627,20210628,20210702 
Number is 96 
G.3.6_index_4_VS_G.4.1_index_2 [20] PLUS 1 
20210531,20210604,20210608,20210613,20210615,20210616,20210617,20210618,20210619,20210620,20210621,20210622,20210623,20210625,20210626 
Number is 99 
G.3.2_index_1_VS_G.6.2_index_3 [21] PLUS 1 
20210530,20210604,20210605,20210606,20210609,20210610,20210611,20210614,20210616,20210617,20210618,20210619,20210620,20210621,20210622,20210624,20210625,20210627,20210628,20210629,20210630,20210701,20210702 
