======== Last: 20210705 ========= 
Number is 06 
G.5.6_index_3_VS_G.3.1_index_2 [1] 
Ngay: 20210601,20210603,20210605,20210609,20210611,20210617,20210618,20210619,20210620,20210621,20210622,20210624,20210626,20210627,20210702,20210703,20210704 
Number is 08 
G.3.2_index_1_VS_G.6.2_index_3 [2] 
Ngay: 20210530,20210604,20210605,20210606,20210609,20210610,20210611,20210614,20210616,20210617,20210618,20210619,20210620,20210621,20210622,20210624,20210625,20210627,20210628,20210629,20210630,20210701,20210702 
Number is 09 
G.4.2_index_4_VS_G.3.3_index_5 [3] 
Ngay: 20210531,20210601,20210604,20210609,20210610,20210617,20210618,20210619,20210620,20210621,20210622,20210623,20210624,20210625,20210626,20210630,20210701,20210703,20210704 
Number is 12 
G.5.6_index_2_VS_G.4.4_index_1 [4] 
Ngay: 20210601,20210602,20210603,20210604,20210607,20210609,20210611,20210613,20210614,20210616,20210617,20210618,20210619,20210620,20210621,20210622,20210623,20210626,20210627,20210630,20210704 
Number is 16 
G.6.3_index_2_VS_G.3.1_index_2 [5] 
Ngay: 20210530,20210531,20210601,20210605,20210607,20210608,20210609,20210614,20210616,20210617,20210618,20210619,20210620,20210621,20210622,20210624,20210625,20210627,20210628,20210702 
Number is 18 
G.4.4_index_3_VS_G.2.1_index_1 [6] 
Ngay: 20210530,20210531,20210607,20210608,20210610,20210613,20210615,20210617,20210618,20210619,20210620,20210621,20210622,20210629,20210703,20210704 
Number is 21 
G.2.1_index_5_VS_G.4.2_index_2 [7] 
Ngay: 20210601,20210606,20210609,20210611,20210615,20210617,20210618,20210619,20210620,20210621,20210622,20210624,20210625,20210701,20210703,20210704 
Number is 23 
G.2.1_index_5_VS_G.6.2_index_1 [8] 
Ngay: 20210531,20210601,20210606,20210608,20210609,20210611,20210617,20210618,20210619,20210620,20210621,20210622,20210625,20210626,20210627,20210701,20210703,20210704 
Number is 27 
G.2.2_index_1_VS_G.6.1_index_3 [9] 
Ngay: 20210530,20210601,20210606,20210607,20210609,20210612,20210616,20210617,20210618,20210619,20210620,20210621,20210622,20210623,20210624,20210626,20210628,20210629,20210702,20210703 
Number is 29 
G.4.1_index_2_VS_G.DB_index_1 [10] 
Ngay: 20210611,20210614,20210616,20210617,20210618,20210619,20210620,20210621,20210622,20210625,20210629,20210701,20210704 
Number is 31 
G.4.1_index_1_VS_G.3.1_index_5 [11] 
Ngay: 20210602,20210604,20210605,20210606,20210607,20210608,20210613,20210617,20210618,20210619,20210620,20210621,20210622,20210624,20210625,20210627 
Number is 42 
G.3.2_index_4_VS_G.4.1_index_2 [12] 
Ngay: 20210531,20210603,20210604,20210605,20210610,20210612,20210613,20210617,20210618,20210619,20210620,20210621,20210622,20210623,20210624,20210626,20210629,20210701 
Number is 47 
G.3.2_index_4_VS_G.4.1_index_4 [13] 
Ngay: 20210531,20210602,20210603,20210604,20210606,20210608,20210610,20210614,20210617,20210618,20210619,20210620,20210621,20210622,20210623,20210627,20210628,20210629,20210702,20210704 
Number is 53 
G.3.4_index_5_VS_G.6.2_index_1 [14] 
Ngay: 20210530,20210531,20210601,20210604,20210605,20210609,20210610,20210614,20210617,20210618,20210619,20210620,20210621,20210622,20210625,20210630,20210702,20210703 
G.3.1_index_1_VS_G.3.4_index_1 [15] 
Ngay: 20210601,20210605,20210606,20210612,20210614,20210617,20210618,20210619,20210620,20210621,20210622,20210623,20210624,20210625,20210628,20210629,20210630,20210702,20210703,20210704 
Number is 55 
G.5.6_index_1_VS_G.5.5_index_2 [16] 
Ngay: 20210531,20210601,20210604,20210606,20210607,20210612,20210615,20210617,20210618,20210619,20210620,20210621,20210622,20210624,20210625,20210627,20210628,20210630,20210702,20210703 
Number is 60 
G.3.6_index_4_VS_G.5.6_index_3 [17] 
Ngay: 20210601,20210603,20210605,20210606,20210607,20210608,20210613,20210614,20210615,20210617,20210618,20210619,20210620,20210621,20210622,20210626,20210627,20210702,20210704 
Number is 62 
G.6.3_index_3_VS_G.5.5_index_4 [18] 
Ngay: 20210531,20210605,20210609,20210610,20210612,20210617,20210618,20210619,20210620,20210621,20210622,20210626,20210627,20210628,20210629,20210701,20210703,20210704 
G.3.6_index_4_VS_G.4.1_index_2 [19] 
Ngay: 20210531,20210604,20210608,20210613,20210615,20210616,20210617,20210618,20210619,20210620,20210621,20210622,20210623,20210625,20210626 
Number is 65 
G.7.3_index_2_VS_G.5.5_index_2 [20] 
Ngay: 20210530,20210531,20210601,20210602,20210604,20210606,20210607,20210610,20210611,20210612,20210613,20210617,20210618,20210619,20210620,20210621,20210622,20210625,20210627,20210628,20210703 
Number is 73 
G.3.4_index_2_VS_G.6.2_index_1 [21] 
Ngay: 20210530,20210531,20210603,20210609,20210611,20210612,20210616,20210617,20210618,20210619,20210620,20210621,20210622,20210623,20210624,20210626,20210628,20210630,20210701,20210702,20210703,20210704 
Number is 74 
G.3.5_index_3_VS_G.5.3_index_4 [22] 
Ngay: 20210604,20210609,20210611,20210614,20210616,20210617,20210618,20210619,20210620,20210621,20210622,20210626,20210627,20210628 
Number is 82 
G.7.4_index_2_VS_G.2.1_index_5 [23] 
Ngay: 20210530,20210531,20210603,20210606,20210611,20210617,20210618,20210619,20210620,20210621,20210622,20210626,20210627 
G.7.4_index_2_VS_G.4.1_index_2 [24] 
Ngay: 20210530,20210531,20210601,20210604,20210606,20210607,20210608,20210609,20210612,20210613,20210617,20210618,20210619,20210620,20210621,20210622,20210623,20210627,20210628,20210629,20210703 
Number is 87 
G.2.1_index_1_VS_G.3.2_index_5 [25] 
Ngay: 20210530,20210601,20210602,20210604,20210606,20210607,20210613,20210615,20210617,20210618,20210619,20210620,20210621,20210622,20210623,20210625,20210627,20210701 
Number is 95 
G.3.3_index_5_VS_G.5.6_index_1 [26] 
Ngay: 20210604,20210606,20210610,20210612,20210614,20210617,20210618,20210619,20210620,20210621,20210622,20210624,20210626,20210630,20210701,20210703,20210704 
Number is 97 
G.2.2_index_5_VS_G.4.1_index_4 [27] 
Ngay: 20210601,20210602,20210604,20210607,20210609,20210611,20210612,20210614,20210617,20210618,20210619,20210620,20210621,20210622,20210624,20210626,20210629,20210703,20210704 
