======== Current: 20210623 ========= 
Number is 04 
G.5.6_index_2_VS_G.4.4_index_1 [1] PLUS 1 
20210601,20210602,20210603,20210604,20210607,20210609,20210611,20210613,20210614,20210616,20210617,20210618,20210619,20210620,20210621,20210622,20210623,20210626,20210627,20210630,20210704 
Number is 10 
G.2.1_index_1_VS_G.3.2_index_5 [2] PLUS 1 
20210530,20210601,20210602,20210604,20210606,20210607,20210613,20210615,20210617,20210618,20210619,20210620,20210621,20210622,20210623,20210625,20210627,20210701 
G.3.2_index_4_VS_G.4.1_index_4 [3] PLUS 1 
20210531,20210602,20210603,20210604,20210606,20210608,20210610,20210614,20210617,20210618,20210619,20210620,20210621,20210622,20210623,20210627,20210628,20210629,20210702,20210704 
Number is 12 
G.3.5_index_3_VS_G.5.3_index_4 [4] 
20210604,20210609,20210611,20210614,20210616,20210617,20210618,20210619,20210620,20210621,20210622,20210626,20210627,20210628 
Number is 14 
G.4.1_index_1_VS_G.3.1_index_5 [5] 
20210602,20210604,20210605,20210606,20210607,20210608,20210613,20210617,20210618,20210619,20210620,20210621,20210622,20210624,20210625,20210627 
Number is 15 
G.7.3_index_2_VS_G.5.5_index_2 [6] 
20210530,20210531,20210601,20210602,20210604,20210606,20210607,20210610,20210611,20210612,20210613,20210617,20210618,20210619,20210620,20210621,20210622,20210625,20210627,20210628,20210703 
Number is 19 
G.3.2_index_4_VS_G.4.1_index_2 [7] PLUS 1 
20210531,20210603,20210604,20210605,20210610,20210612,20210613,20210617,20210618,20210619,20210620,20210621,20210622,20210623,20210624,20210626,20210629,20210701 
Number is 28 
G.3.1_index_1_VS_G.3.4_index_1 [8] PLUS 1 
20210601,20210605,20210606,20210612,20210614,20210617,20210618,20210619,20210620,20210621,20210622,20210623,20210624,20210625,20210628,20210629,20210630,20210702,20210703,20210704 
Number is 31 
G.4.4_index_3_VS_G.2.1_index_1 [9] 
20210530,20210531,20210607,20210608,20210610,20210613,20210615,20210617,20210618,20210619,20210620,20210621,20210622,20210629,20210703,20210704 
Number is 33 
G.6.3_index_2_VS_G.3.1_index_2 [10] 
20210530,20210531,20210601,20210605,20210607,20210608,20210609,20210614,20210616,20210617,20210618,20210619,20210620,20210621,20210622,20210624,20210625,20210627,20210628,20210702 
Number is 36 
G.6.3_index_3_VS_G.5.5_index_4 [11] 
20210531,20210605,20210609,20210610,20210612,20210617,20210618,20210619,20210620,20210621,20210622,20210626,20210627,20210628,20210629,20210701,20210703,20210704 
Number is 45 
G.5.6_index_1_VS_G.5.5_index_2 [12] 
20210531,20210601,20210604,20210606,20210607,20210612,20210615,20210617,20210618,20210619,20210620,20210621,20210622,20210624,20210625,20210627,20210628,20210630,20210702,20210703 
Number is 47 
G.7.4_index_2_VS_G.2.1_index_5 [13] 
20210530,20210531,20210603,20210606,20210611,20210617,20210618,20210619,20210620,20210621,20210622,20210626,20210627 
Number is 49 
G.7.4_index_2_VS_G.4.1_index_2 [14] PLUS 1 
20210530,20210531,20210601,20210604,20210606,20210607,20210608,20210609,20210612,20210613,20210617,20210618,20210619,20210620,20210621,20210622,20210623,20210627,20210628,20210629,20210703 
Number is 57 
G.2.2_index_1_VS_G.6.1_index_3 [15] PLUS 1 
20210530,20210601,20210606,20210607,20210609,20210612,20210616,20210617,20210618,20210619,20210620,20210621,20210622,20210623,20210624,20210626,20210628,20210629,20210702,20210703 
Number is 58 
G.3.4_index_2_VS_G.6.2_index_1 [16] PLUS 1 
20210530,20210531,20210603,20210609,20210611,20210612,20210616,20210617,20210618,20210619,20210620,20210621,20210622,20210623,20210624,20210626,20210628,20210630,20210701,20210702,20210703,20210704 
Number is 63 
G.5.6_index_3_VS_G.3.1_index_2 [17] 
20210601,20210603,20210605,20210609,20210611,20210617,20210618,20210619,20210620,20210621,20210622,20210624,20210626,20210627,20210702,20210703,20210704 
Number is 64 
G.3.3_index_5_VS_G.5.6_index_1 [18] 
20210604,20210606,20210610,20210612,20210614,20210617,20210618,20210619,20210620,20210621,20210622,20210624,20210626,20210630,20210701,20210703,20210704 
Number is 66 
G.3.6_index_4_VS_G.5.6_index_3 [19] 
20210601,20210603,20210605,20210606,20210607,20210608,20210613,20210614,20210615,20210617,20210618,20210619,20210620,20210621,20210622,20210626,20210627,20210702,20210704 
Number is 69 
G.3.6_index_4_VS_G.4.1_index_2 [20] PLUS 1 
20210531,20210604,20210608,20210613,20210615,20210616,20210617,20210618,20210619,20210620,20210621,20210622,20210623,20210625,20210626 
Number is 70 
G.2.1_index_5_VS_G.4.2_index_2 [21] 
20210601,20210606,20210609,20210611,20210615,20210617,20210618,20210619,20210620,20210621,20210622,20210624,20210625,20210701,20210703,20210704 
Number is 78 
G.3.4_index_5_VS_G.6.2_index_1 [22] 
20210530,20210531,20210601,20210604,20210605,20210609,20210610,20210614,20210617,20210618,20210619,20210620,20210621,20210622,20210625,20210630,20210702,20210703 
G.2.1_index_5_VS_G.6.2_index_1 [23] 
20210531,20210601,20210606,20210608,20210609,20210611,20210617,20210618,20210619,20210620,20210621,20210622,20210625,20210626,20210627,20210701,20210703,20210704 
Number is 86 
G.4.2_index_4_VS_G.3.3_index_5 [24] PLUS 1 
20210531,20210601,20210604,20210609,20210610,20210617,20210618,20210619,20210620,20210621,20210622,20210623,20210624,20210625,20210626,20210630,20210701,20210703,20210704 
Number is 87 
G.3.2_index_1_VS_G.6.2_index_3 [25] 
20210530,20210604,20210605,20210606,20210609,20210610,20210611,20210614,20210616,20210617,20210618,20210619,20210620,20210621,20210622,20210624,20210625,20210627,20210628,20210629,20210630,20210701,20210702 
Number is 90 
G.2.2_index_5_VS_G.4.1_index_4 [26] 
20210601,20210602,20210604,20210607,20210609,20210611,20210612,20210614,20210617,20210618,20210619,20210620,20210621,20210622,20210624,20210626,20210629,20210703,20210704 
Number is 99 
G.4.1_index_2_VS_G.DB_index_1 [27] 
20210611,20210614,20210616,20210617,20210618,20210619,20210620,20210621,20210622,20210625,20210629,20210701,20210704 
