======== Last: 20210705 ========= 
Number is 05 
G.5.6_index_3_VS_G.3.4_index_5 [1] 
Ngay: 20210531,20210601,20210604,20210607,20210608,20210609,20210613,20210614,20210615,20210618,20210619,20210620,20210621,20210622,20210623,20210624,20210701,20210702,20210703 
Number is 08 
G.1.1_index_1_VS_G.5.2_index_4 [2] 
Ngay: 20210604,20210605,20210607,20210610,20210611,20210612,20210618,20210619,20210620,20210621,20210622,20210623,20210624,20210625,20210626,20210701,20210702,20210704 
Number is 09 
G.4.2_index_4_VS_G.3.3_index_5 [3] 
Ngay: 20210531,20210601,20210604,20210609,20210610,20210617,20210618,20210619,20210620,20210621,20210622,20210623,20210624,20210625,20210626,20210630,20210701,20210703,20210704 
Number is 12 
G.5.6_index_2_VS_G.4.4_index_1 [4] 
Ngay: 20210601,20210602,20210603,20210604,20210607,20210609,20210611,20210613,20210614,20210616,20210617,20210618,20210619,20210620,20210621,20210622,20210623,20210626,20210627,20210630,20210704 
Number is 19 
G.DB_index_5_VS_G.3.3_index_1 [5] 
Ngay: 20210603,20210607,20210610,20210612,20210614,20210616,20210618,20210619,20210620,20210621,20210622,20210623,20210625,20210628,20210629,20210704 
G.DB_index_2_VS_G.3.3_index_5 [6] 
Ngay: 20210531,20210604,20210605,20210607,20210612,20210614,20210618,20210619,20210620,20210621,20210622,20210623,20210625,20210701,20210702 
Number is 21 
G.5.2_index_3_VS_G.DB_index_2 [7] 
Ngay: 20210603,20210604,20210605,20210606,20210607,20210608,20210610,20210613,20210616,20210618,20210619,20210620,20210621,20210622,20210623,20210626,20210628,20210629,20210630,20210703 
G.4.1_index_2_VS_G.4.4_index_3 [8] 
Ngay: 20210601,20210607,20210608,20210609,20210610,20210611,20210612,20210613,20210618,20210619,20210620,20210621,20210622,20210623,20210626 
Number is 22 
G.2.1_index_5_VS_G.4.1_index_2 [9] 
Ngay: 20210604,20210605,20210606,20210607,20210609,20210611,20210612,20210614,20210618,20210619,20210620,20210621,20210622,20210623,20210626,20210628,20210701,20210703 
G.2.1_index_5_VS_G.5.5_index_4 [10] 
Ngay: 20210530,20210531,20210605,20210608,20210609,20210614,20210618,20210619,20210620,20210621,20210622,20210623,20210624,20210626,20210627,20210628,20210701,20210703 
G.4.1_index_2_VS_G.4.4_index_1 [11] 
Ngay: 20210530,20210602,20210607,20210608,20210609,20210610,20210613,20210614,20210616,20210618,20210619,20210620,20210621,20210622,20210623,20210624,20210625,20210701,20210703 
Number is 26 
G.2.1_index_5_VS_G.3.6_index_4 [12] 
Ngay: 20210530,20210531,20210601,20210603,20210609,20210613,20210618,20210619,20210620,20210621,20210622,20210623,20210624,20210627,20210701,20210704 
Number is 27 
G.2.2_index_1_VS_G.6.1_index_3 [13] 
Ngay: 20210530,20210601,20210606,20210607,20210609,20210612,20210616,20210617,20210618,20210619,20210620,20210621,20210622,20210623,20210624,20210626,20210628,20210629,20210702,20210703 
Number is 42 
G.3.2_index_4_VS_G.4.1_index_2 [14] 
Ngay: 20210531,20210603,20210604,20210605,20210610,20210612,20210613,20210617,20210618,20210619,20210620,20210621,20210622,20210623,20210624,20210626,20210629,20210701 
Number is 47 
G.3.2_index_4_VS_G.4.1_index_4 [15] 
Ngay: 20210531,20210602,20210603,20210604,20210606,20210608,20210610,20210614,20210617,20210618,20210619,20210620,20210621,20210622,20210623,20210627,20210628,20210629,20210702,20210704 
Number is 50 
G.3.3_index_3_VS_G.3.5_index_2 [16] 
Ngay: 20210609,20210613,20210615,20210618,20210619,20210620,20210621,20210622,20210623,20210629,20210701,20210702 
Number is 53 
G.5.1_index_2_VS_G.3.3_index_4 [17] 
Ngay: 20210530,20210601,20210602,20210604,20210607,20210608,20210610,20210611,20210612,20210613,20210616,20210618,20210619,20210620,20210621,20210622,20210623,20210625,20210626,20210628,20210630,20210701 
G.3.1_index_1_VS_G.3.4_index_1 [18] 
Ngay: 20210601,20210605,20210606,20210612,20210614,20210617,20210618,20210619,20210620,20210621,20210622,20210623,20210624,20210625,20210628,20210629,20210630,20210702,20210703,20210704 
Number is 55 
G.3.1_index_1_VS_G.4.3_index_4 [19] 
Ngay: 20210530,20210531,20210605,20210606,20210607,20210608,20210610,20210613,20210618,20210619,20210620,20210621,20210622,20210623,20210624,20210626,20210627,20210630,20210701,20210702,20210703,20210704 
Number is 58 
G.5.1_index_4_VS_G.6.2_index_3 [20] 
Ngay: 20210603,20210604,20210606,20210610,20210612,20210613,20210618,20210619,20210620,20210621,20210622,20210623,20210624,20210628,20210704 
Number is 59 
G.5.6_index_1_VS_G.3.5_index_4 [21] 
Ngay: 20210601,20210604,20210606,20210607,20210614,20210615,20210618,20210619,20210620,20210621,20210622,20210623,20210628,20210629,20210702,20210704 
Number is 62 
G.3.6_index_4_VS_G.4.1_index_2 [22] 
Ngay: 20210531,20210604,20210608,20210613,20210615,20210616,20210617,20210618,20210619,20210620,20210621,20210622,20210623,20210625,20210626 
Number is 68 
G.3.1_index_2_VS_G.6.2_index_3 [23] 
Ngay: 20210531,20210601,20210602,20210604,20210605,20210606,20210607,20210610,20210611,20210616,20210618,20210619,20210620,20210621,20210622,20210623,20210628,20210701,20210702,20210704 
Number is 69 
G.6.3_index_3_VS_G.4.1_index_3 [24] 
Ngay: 20210531,20210605,20210607,20210613,20210618,20210619,20210620,20210621,20210622,20210623,20210625,20210626,20210628,20210701,20210703 
Number is 70 
G.4.2_index_3_VS_G.3.2_index_1 [25] 
Ngay: 20210530,20210531,20210601,20210604,20210606,20210607,20210608,20210610,20210613,20210618,20210619,20210620,20210621,20210622,20210623,20210628,20210629,20210630,20210701,20210702,20210703,20210704 
Number is 72 
G.4.2_index_3_VS_G.2.1_index_5 [26] 
Ngay: 20210530,20210603,20210606,20210607,20210609,20210610,20210613,20210618,20210619,20210620,20210621,20210622,20210623,20210624,20210626,20210627,20210630,20210703 
Number is 73 
G.3.4_index_2_VS_G.6.2_index_1 [27] 
Ngay: 20210530,20210531,20210603,20210609,20210611,20210612,20210616,20210617,20210618,20210619,20210620,20210621,20210622,20210623,20210624,20210626,20210628,20210630,20210701,20210702,20210703,20210704 
Number is 78 
G.4.1_index_4_VS_G.5.4_index_4 [28] 
Ngay: 20210531,20210606,20210607,20210608,20210609,20210610,20210613,20210615,20210616,20210618,20210619,20210620,20210621,20210622,20210623,20210626,20210628,20210701 
Number is 82 
G.7.4_index_2_VS_G.4.1_index_2 [29] 
Ngay: 20210530,20210531,20210601,20210604,20210606,20210607,20210608,20210609,20210612,20210613,20210617,20210618,20210619,20210620,20210621,20210622,20210623,20210627,20210628,20210629,20210703 
Number is 87 
G.2.1_index_1_VS_G.4.1_index_4 [30] 
Ngay: 20210602,20210603,20210606,20210608,20210612,20210613,20210615,20210618,20210619,20210620,20210621,20210622,20210623,20210624,20210627,20210628,20210629,20210702,20210703 
G.2.1_index_1_VS_G.3.2_index_5 [31] 
Ngay: 20210530,20210601,20210602,20210604,20210606,20210607,20210613,20210615,20210617,20210618,20210619,20210620,20210621,20210622,20210623,20210625,20210627,20210701 
Number is 88 
G.7.4_index_1_VS_G.6.2_index_3 [32] 
Ngay: 20210530,20210601,20210604,20210606,20210607,20210608,20210611,20210613,20210618,20210619,20210620,20210621,20210622,20210623,20210627,20210701 
Number is 92 
G.1.1_index_2_VS_G.5.2_index_2 [33] 
Ngay: 20210601,20210603,20210604,20210606,20210607,20210614,20210615,20210618,20210619,20210620,20210621,20210622,20210623,20210626,20210629,20210701,20210702 
