======== Current: 20210625 ========= 
Number is 02 
G.2.2_index_5_VS_G.7.2_index_1 [1] 
20210530,20210606,20210607,20210608,20210609,20210617,20210619,20210620,20210621,20210622,20210623,20210624,20210626,20210627,20210701,20210703,20210704 
Number is 09 
G.1.1_index_1_VS_G.5.2_index_4 [2] PLUS 1 
20210604,20210605,20210607,20210610,20210611,20210612,20210618,20210619,20210620,20210621,20210622,20210623,20210624,20210625,20210626,20210701,20210702,20210704 
Number is 13 
G.7.4_index_2_VS_G.4.1_index_4 [3] 
20210530,20210601,20210603,20210604,20210606,20210607,20210609,20210612,20210616,20210619,20210620,20210621,20210622,20210623,20210624,20210626,20210702 
G.2.1_index_1_VS_G.4.1_index_4 [4] 
20210602,20210603,20210606,20210608,20210612,20210613,20210615,20210618,20210619,20210620,20210621,20210622,20210623,20210624,20210627,20210628,20210629,20210702,20210703 
G.6.2_index_2_VS_G.4.1_index_4 [5] 
20210601,20210602,20210604,20210607,20210611,20210617,20210619,20210620,20210621,20210622,20210623,20210624,20210626,20210628,20210702,20210703 
Number is 14 
G.3.2_index_4_VS_G.4.1_index_2 [6] 
20210531,20210603,20210604,20210605,20210610,20210612,20210613,20210617,20210618,20210619,20210620,20210621,20210622,20210623,20210624,20210626,20210629,20210701 
Number is 23 
G.5.1_index_4_VS_G.6.1_index_2 [7] 
20210601,20210603,20210605,20210607,20210609,20210610,20210612,20210615,20210619,20210620,20210621,20210622,20210623,20210624,20210626,20210701,20210704 
Number is 28 
G.DB_index_1_VS_G.7.4_index_1 [8] 
20210602,20210606,20210611,20210612,20210613,20210615,20210616,20210619,20210620,20210621,20210622,20210623,20210624,20210627,20210629,20210701,20210702 
Number is 29 
G.5.1_index_4_VS_G.6.2_index_3 [9] 
20210603,20210604,20210606,20210610,20210612,20210613,20210618,20210619,20210620,20210621,20210622,20210623,20210624,20210628,20210704 
Number is 31 
G.2.1_index_5_VS_G.5.4_index_2 [10] 
20210602,20210603,20210607,20210610,20210611,20210619,20210620,20210621,20210622,20210623,20210624,20210630,20210703 
Number is 33 
G.4.2_index_3_VS_G.2.1_index_5 [11] 
20210530,20210603,20210606,20210607,20210609,20210610,20210613,20210618,20210619,20210620,20210621,20210622,20210623,20210624,20210626,20210627,20210630,20210703 
Number is 34 
G.2.1_index_5_VS_G.2.2_index_1 [12] 
20210530,20210531,20210601,20210603,20210606,20210607,20210608,20210610,20210611,20210613,20210614,20210619,20210620,20210621,20210622,20210623,20210624,20210626,20210702,20210703,20210704 
Number is 35 
G.2.1_index_5_VS_G.5.5_index_4 [13] 
20210530,20210531,20210605,20210608,20210609,20210614,20210618,20210619,20210620,20210621,20210622,20210623,20210624,20210626,20210627,20210628,20210701,20210703 
G.4.1_index_4_VS_G.4.3_index_4 [14] 
20210531,20210601,20210602,20210605,20210607,20210608,20210612,20210613,20210616,20210619,20210620,20210621,20210622,20210623,20210624,20210626,20210627,20210630,20210701,20210702,20210703 
Number is 37 
G.2.1_index_5_VS_G.3.6_index_4 [15] 
20210530,20210531,20210601,20210603,20210609,20210613,20210618,20210619,20210620,20210621,20210622,20210623,20210624,20210627,20210701,20210704 
Number is 38 
G.2.1_index_5_VS_G.7.4_index_1 [16] 
20210530,20210531,20210601,20210603,20210606,20210609,20210611,20210613,20210619,20210620,20210621,20210622,20210623,20210624,20210626,20210628,20210630,20210701,20210703 
G.4.4_index_3_VS_G.7.4_index_1 [17] 
20210601,20210604,20210605,20210608,20210609,20210610,20210612,20210613,20210614,20210619,20210620,20210621,20210622,20210623,20210624,20210626,20210629,20210702,20210703,20210704 
Number is 40 
G.4.1_index_2_VS_G.5.4_index_4 [18] 
20210531,20210605,20210608,20210609,20210610,20210614,20210619,20210620,20210621,20210622,20210623,20210624,20210627,20210628,20210629,20210704 
Number is 41 
G.3.1_index_1_VS_G.7.4_index_2 [19] 
20210530,20210531,20210601,20210604,20210609,20210612,20210619,20210620,20210621,20210622,20210623,20210624,20210626,20210629,20210630,20210702,20210703,20210704 
Number is 42 
G.3.1_index_1_VS_G.3.4_index_1 [20] PLUS 1 
20210601,20210605,20210606,20210612,20210614,20210617,20210618,20210619,20210620,20210621,20210622,20210623,20210624,20210625,20210628,20210629,20210630,20210702,20210703,20210704 
Number is 45 
G.3.1_index_1_VS_G.4.3_index_4 [21] 
20210530,20210531,20210605,20210606,20210607,20210608,20210610,20210613,20210618,20210619,20210620,20210621,20210622,20210623,20210624,20210626,20210627,20210630,20210701,20210702,20210703,20210704 
G.2.2_index_1_VS_G.6.1_index_3 [22] 
20210530,20210601,20210606,20210607,20210609,20210612,20210616,20210617,20210618,20210619,20210620,20210621,20210622,20210623,20210624,20210626,20210628,20210629,20210702,20210703 
Number is 47 
G.4.1_index_2_VS_G.4.4_index_1 [23] PLUS 1 
20210530,20210602,20210607,20210608,20210609,20210610,20210613,20210614,20210616,20210618,20210619,20210620,20210621,20210622,20210623,20210624,20210625,20210701,20210703 
Number is 48 
G.3.6_index_5_VS_G.7.4_index_1 [24] PLUS 1 
20210530,20210601,20210604,20210606,20210607,20210610,20210611,20210613,20210616,20210619,20210620,20210621,20210622,20210623,20210624,20210625,20210628,20210629,20210703 
G.2.2_index_1_VS_G.7.4_index_1 [25] PLUS 1 
20210609,20210610,20210612,20210614,20210615,20210619,20210620,20210621,20210622,20210623,20210624,20210625,20210626,20210627,20210630,20210701,20210702,20210704 
Number is 49 
G.4.1_index_2_VS_G.6.2_index_3 [26] PLUS 1 
20210604,20210606,20210608,20210612,20210613,20210617,20210619,20210620,20210621,20210622,20210623,20210624,20210625,20210627,20210701 
G.3.1_index_1_VS_G.7.2_index_2 [27] PLUS 1 
20210530,20210601,20210603,20210604,20210610,20210612,20210614,20210616,20210617,20210619,20210620,20210621,20210622,20210623,20210624,20210625,20210626,20210627,20210628,20210629,20210701,20210702,20210703 
Number is 50 
G.3.1_index_2_VS_G.4.1_index_3 [28] PLUS 1 
20210531,20210604,20210607,20210619,20210620,20210621,20210622,20210623,20210624,20210625,20210627,20210703,20210704 
Number is 51 
G.4.2_index_4_VS_G.3.3_index_5 [29] PLUS 1 
20210531,20210601,20210604,20210609,20210610,20210617,20210618,20210619,20210620,20210621,20210622,20210623,20210624,20210625,20210626,20210630,20210701,20210703,20210704 
Number is 54 
G.5.6_index_3_VS_G.3.4_index_5 [30] 
20210531,20210601,20210604,20210607,20210608,20210609,20210613,20210614,20210615,20210618,20210619,20210620,20210621,20210622,20210623,20210624,20210701,20210702,20210703 
Number is 58 
G.DB_index_5_VS_G.5.3_index_2 [31] 
20210530,20210601,20210605,20210606,20210612,20210614,20210619,20210620,20210621,20210622,20210623,20210624,20210626,20210629,20210703,20210704 
Number is 59 
G.DB_index_2_VS_G.3.4_index_4 [32] 
20210601,20210606,20210610,20210614,20210616,20210619,20210620,20210621,20210622,20210623,20210624,20210626,20210629,20210703,20210704 
G.5.6_index_3_VS_G.6.2_index_3 [33] 
20210530,20210601,20210604,20210607,20210609,20210610,20210611,20210613,20210616,20210619,20210620,20210621,20210622,20210623,20210624,20210627,20210628,20210704 
G.4.2_index_4_VS_G.3.5_index_2 [34] 
20210601,20210603,20210604,20210608,20210609,20210611,20210614,20210619,20210620,20210621,20210622,20210623,20210624,20210629,20210630,20210701,20210703,20210704 
G.3.1_index_2_VS_G.7.2_index_2 [35] 
20210603,20210604,20210606,20210607,20210611,20210613,20210615,20210616,20210619,20210620,20210621,20210622,20210623,20210624,20210626,20210628,20210629,20210702,20210703 
Number is 70 
G.6.1_index_1_VS_G.2.1_index_4 [36] 
20210601,20210602,20210604,20210605,20210606,20210611,20210612,20210613,20210619,20210620,20210621,20210622,20210623,20210624,20210630 
Number is 84 
G.4.4_index_4_VS_G.3.1_index_1 [37] PLUS 1 
20210530,20210531,20210601,20210602,20210603,20210604,20210605,20210609,20210610,20210612,20210614,20210619,20210620,20210621,20210622,20210623,20210624,20210625,20210626,20210628,20210629,20210630,20210702,20210703 
G.3.2_index_2_VS_G.4.1_index_2 [38] PLUS 1 
20210531,20210603,20210604,20210606,20210607,20210608,20210609,20210610,20210612,20210619,20210620,20210621,20210622,20210623,20210624,20210625,20210627,20210701,20210703 
Number is 85 
G.2.1_index_3_VS_G.6.3_index_3 [39] 
20210605,20210606,20210610,20210611,20210612,20210613,20210619,20210620,20210621,20210622,20210623,20210624,20210627,20210701,20210702,20210703 
Number is 90 
G.2.2_index_3_VS_G.6.3_index_1 [40] PLUS 1 
20210531,20210601,20210604,20210605,20210607,20210609,20210612,20210617,20210619,20210620,20210621,20210622,20210623,20210624,20210625,20210626,20210628,20210704 
Number is 99 
G.3.4_index_2_VS_G.6.2_index_1 [41] 
20210530,20210531,20210603,20210609,20210611,20210612,20210616,20210617,20210618,20210619,20210620,20210621,20210622,20210623,20210624,20210626,20210628,20210630,20210701,20210702,20210703,20210704 
