======== Current: 20210627 ========= 
Number is 03 
G.2.1_index_3_VS_G.2.2_index_1 [1] 
20210530,20210602,20210606,20210607,20210609,20210610,20210612,20210614,20210621,20210622,20210623,20210624,20210625,20210626,20210702,20210703,20210704 
Number is 04 
G.5.2_index_4_VS_G.3.1_index_1 [2] 
20210530,20210601,20210604,20210605,20210608,20210609,20210610,20210613,20210614,20210617,20210619,20210621,20210622,20210623,20210624,20210625,20210626,20210629,20210702,20210703,20210704 
Number is 08 
G.5.6_index_2_VS_G.2.1_index_1 [3] PLUS 1 
20210530,20210601,20210608,20210609,20210612,20210614,20210615,20210616,20210618,20210620,20210621,20210622,20210623,20210624,20210625,20210626,20210627,20210629,20210630,20210702,20210703 
Number is 10 
G.1.1_index_1_VS_G.5.2_index_4 [4] 
20210604,20210605,20210607,20210610,20210611,20210612,20210618,20210619,20210620,20210621,20210622,20210623,20210624,20210625,20210626,20210701,20210702,20210704 
Number is 20 
G.3.6_index_1_VS_G.4.4_index_2 [5] PLUS 1 
20210530,20210531,20210601,20210602,20210606,20210609,20210610,20210613,20210618,20210621,20210622,20210623,20210624,20210625,20210626,20210627,20210628,20210703 
Number is 34 
G.4.4_index_4_VS_G.3.1_index_1 [6] 
20210530,20210531,20210601,20210602,20210603,20210604,20210605,20210609,20210610,20210612,20210614,20210619,20210620,20210621,20210622,20210623,20210624,20210625,20210626,20210628,20210629,20210630,20210702,20210703 
G.2.2_index_1_VS_G.4.3_index_1 [7] 
20210606,20210608,20210609,20210612,20210614,20210621,20210622,20210623,20210624,20210625,20210626,20210630,20210702,20210703 
Number is 36 
G.6.3_index_2_VS_G.5.4_index_3 [8] 
20210531,20210601,20210602,20210606,20210608,20210609,20210611,20210613,20210614,20210618,20210620,20210621,20210622,20210623,20210624,20210625,20210626,20210630,20210701,20210702 
Number is 37 
G.2.2_index_1_VS_G.7.4_index_1 [9] PLUS 1 
20210609,20210610,20210612,20210614,20210615,20210619,20210620,20210621,20210622,20210623,20210624,20210625,20210626,20210627,20210630,20210701,20210702,20210704 
Number is 45 
G.3.1_index_1_VS_G.7.2_index_2 [10] PLUS 1 
20210530,20210601,20210603,20210604,20210610,20210612,20210614,20210616,20210617,20210619,20210620,20210621,20210622,20210623,20210624,20210625,20210626,20210627,20210628,20210629,20210701,20210702,20210703 
Number is 48 
G.3.6_index_2_VS_G.5.5_index_3 [11] PLUS 1 
20210602,20210604,20210605,20210607,20210609,20210613,20210616,20210621,20210622,20210623,20210624,20210625,20210626,20210627,20210629,20210702,20210704 
Number is 50 
G.5.1_index_1_VS_G.5.2_index_4 [12] 
20210531,20210603,20210606,20210611,20210615,20210621,20210622,20210623,20210624,20210625,20210626,20210629,20210701,20210702 
Number is 52 
G.5.1_index_1_VS_G.4.2_index_1 [13] 
20210531,20210603,20210607,20210609,20210610,20210613,20210614,20210616,20210617,20210618,20210621,20210622,20210623,20210624,20210625,20210626,20210629,20210702,20210704 
Number is 60 
G.3.6_index_5_VS_G.2.1_index_3 [14] PLUS 1 
20210530,20210531,20210602,20210603,20210612,20210613,20210614,20210621,20210622,20210623,20210624,20210625,20210626,20210627,20210628,20210702,20210703 
Number is 64 
G.3.5_index_2_VS_G.3.1_index_1 [15] PLUS 1 
20210530,20210531,20210606,20210608,20210610,20210613,20210614,20210616,20210621,20210622,20210623,20210624,20210625,20210626,20210627,20210629,20210630,20210702 
Number is 75 
G.7.4_index_1_VS_G.5.2_index_2 [16] 
20210531,20210605,20210608,20210616,20210621,20210622,20210623,20210624,20210625,20210626,20210629,20210630,20210704 
Number is 76 
G.7.4_index_1_VS_G.3.6_index_3 [17] 
20210531,20210602,20210606,20210609,20210610,20210613,20210621,20210622,20210623,20210624,20210625,20210626,20210628,20210629,20210703,20210704 
Number is 78 
G.2.2_index_3_VS_G.6.3_index_1 [18] 
20210531,20210601,20210604,20210605,20210607,20210609,20210612,20210617,20210619,20210620,20210621,20210622,20210623,20210624,20210625,20210626,20210628,20210704 
G.5.6_index_3_VS_G.6.3_index_1 [19] 
20210530,20210602,20210603,20210607,20210612,20210614,20210616,20210620,20210621,20210622,20210623,20210624,20210625,20210626,20210628,20210704 
Number is 79 
G.7.3_index_1_VS_G.1.1_index_3 [20] 
20210531,20210601,20210603,20210605,20210606,20210607,20210608,20210611,20210612,20210613,20210614,20210616,20210617,20210621,20210622,20210623,20210624,20210625,20210626,20210628,20210629,20210702,20210703 
Number is 83 
G.5.5_index_3_VS_G.5.2_index_3 [21] 
20210531,20210602,20210604,20210605,20210606,20210609,20210611,20210612,20210616,20210617,20210618,20210619,20210621,20210622,20210623,20210624,20210625,20210626,20210629,20210701,20210702 
G.4.2_index_4_VS_G.4.1_index_3 [22] 
20210607,20210608,20210610,20210618,20210621,20210622,20210623,20210624,20210625,20210626,20210703 
Number is 84 
G.4.1_index_2_VS_G.3.4_index_4 [23] PLUS 1 
20210531,20210602,20210604,20210606,20210607,20210608,20210609,20210615,20210618,20210620,20210621,20210622,20210623,20210624,20210625,20210626,20210627,20210701 
G.4.1_index_2_VS_G.2.2_index_4 [24] PLUS 1 
20210605,20210608,20210613,20210614,20210617,20210618,20210621,20210622,20210623,20210624,20210625,20210626,20210627,20210629 
Number is 86 
G.3.3_index_5_VS_G.3.5_index_2 [25] 
20210604,20210607,20210608,20210610,20210616,20210617,20210620,20210621,20210622,20210623,20210624,20210625,20210626,20210629,20210701 
G.5.4_index_2_VS_G.5.4_index_3 [26] 
20210530,20210604,20210605,20210607,20210609,20210612,20210617,20210621,20210622,20210623,20210624,20210625,20210626,20210629,20210630,20210703 
Number is 88 
G.4.2_index_4_VS_G.3.3_index_5 [27] 
20210531,20210601,20210604,20210609,20210610,20210617,20210618,20210619,20210620,20210621,20210622,20210623,20210624,20210625,20210626,20210630,20210701,20210703,20210704 
Number is 89 
G.5.5_index_3_VS_G.1.1_index_3 [28] PLUS 1 
20210530,20210531,20210604,20210609,20210610,20210611,20210612,20210617,20210620,20210621,20210622,20210623,20210624,20210625,20210626,20210627,20210628,20210629,20210630,20210702,20210704 
