======== Current: 20210628 ========= 
Number is 06 
G.3.6_index_1_VS_G.4.4_index_2 [1] PLUS 1 
20210530,20210531,20210601,20210602,20210606,20210609,20210610,20210613,20210618,20210621,20210622,20210623,20210624,20210625,20210626,20210627,20210628,20210703 
Number is 08 
G.3.5_index_2_VS_G.3.1_index_1 [2] 
20210530,20210531,20210606,20210608,20210610,20210613,20210614,20210616,20210621,20210622,20210623,20210624,20210625,20210626,20210627,20210629,20210630,20210702 
Number is 13 
G.3.1_index_4_VS_G.4.2_index_3 [3] 
20210530,20210602,20210604,20210606,20210609,20210610,20210613,20210614,20210618,20210620,20210622,20210623,20210624,20210625,20210626,20210627 
Number is 29 
G.3.4_index_2_VS_G.6.3_index_1 [4] PLUS 1 
20210530,20210531,20210601,20210604,20210608,20210609,20210614,20210615,20210620,20210622,20210623,20210624,20210625,20210626,20210627,20210628 
Number is 33 
G.3.6_index_2_VS_G.5.5_index_3 [5] 
20210602,20210604,20210605,20210607,20210609,20210613,20210616,20210621,20210622,20210623,20210624,20210625,20210626,20210627,20210629,20210702,20210704 
Number is 34 
G.5.5_index_3_VS_G.1.1_index_3 [6] PLUS 1 
20210530,20210531,20210604,20210609,20210610,20210611,20210612,20210617,20210620,20210621,20210622,20210623,20210624,20210625,20210626,20210627,20210628,20210629,20210630,20210702,20210704 
Number is 36 
G.3.4_index_4_VS_G.5.1_index_1 [7] 
20210531,20210601,20210611,20210612,20210613,20210614,20210622,20210623,20210624,20210625,20210626,20210627,20210629,20210702,20210704 
G.4.2_index_3_VS_G.5.4_index_3 [8] 
20210601,20210602,20210606,20210608,20210613,20210618,20210622,20210623,20210624,20210625,20210626,20210627,20210703 
Number is 43 
G.1.1_index_1_VS_G.3.4_index_4 [9] PLUS 1 
20210603,20210605,20210607,20210613,20210615,20210620,20210622,20210623,20210624,20210625,20210626,20210627,20210628,20210701 
Number is 45 
G.5.5_index_2_VS_G.4.4_index_3 [10] 
20210530,20210531,20210601,20210603,20210605,20210608,20210618,20210619,20210622,20210623,20210624,20210625,20210626,20210627,20210630,20210703 
Number is 48 
G.3.6_index_5_VS_G.2.1_index_3 [11] PLUS 1 
20210530,20210531,20210602,20210603,20210612,20210613,20210614,20210621,20210622,20210623,20210624,20210625,20210626,20210627,20210628,20210702,20210703 
Number is 57 
G.3.3_index_3_VS_G.4.1_index_2 [12] 
20210530,20210603,20210606,20210609,20210616,20210618,20210622,20210623,20210624,20210625,20210626,20210627,20210701 
Number is 67 
G.2.2_index_1_VS_G.7.4_index_1 [13] 
20210609,20210610,20210612,20210614,20210615,20210619,20210620,20210621,20210622,20210623,20210624,20210625,20210626,20210627,20210630,20210701,20210702,20210704 
Number is 69 
G.5.1_index_1_VS_G.6.3_index_1 [14] 
20210531,20210604,20210607,20210610,20210612,20210614,20210618,20210620,20210622,20210623,20210624,20210625,20210626,20210627,20210629,20210630,20210702,20210704 
Number is 73 
G.4.1_index_2_VS_G.3.4_index_4 [15] 
20210531,20210602,20210604,20210606,20210607,20210608,20210609,20210615,20210618,20210620,20210621,20210622,20210623,20210624,20210625,20210626,20210627,20210701 
G.5.6_index_2_VS_G.2.1_index_1 [16] 
20210530,20210601,20210608,20210609,20210612,20210614,20210615,20210616,20210618,20210620,20210621,20210622,20210623,20210624,20210625,20210626,20210627,20210629,20210630,20210702,20210703 
G.4.1_index_2_VS_G.2.2_index_4 [17] 
20210605,20210608,20210613,20210614,20210617,20210618,20210621,20210622,20210623,20210624,20210625,20210626,20210627,20210629 
Number is 82 
G.DB_index_5_VS_G.6.2_index_2 [18] 
20210530,20210531,20210604,20210611,20210612,20210614,20210618,20210619,20210620,20210622,20210623,20210624,20210625,20210626,20210627,20210629,20210630,20210703,20210704 
Number is 86 
G.3.1_index_1_VS_G.3.6_index_4 [19] 
20210531,20210604,20210605,20210608,20210611,20210613,20210615,20210616,20210617,20210619,20210622,20210623,20210624,20210625,20210626,20210627,20210630,20210702,20210704 
Number is 87 
G.3.1_index_1_VS_G.7.2_index_2 [20] PLUS 1 
20210530,20210601,20210603,20210604,20210610,20210612,20210614,20210616,20210617,20210619,20210620,20210621,20210622,20210623,20210624,20210625,20210626,20210627,20210628,20210629,20210701,20210702,20210703 
G.3.1_index_1_VS_G.3.6_index_3 [21] PLUS 1 
20210601,20210603,20210604,20210605,20210608,20210609,20210612,20210613,20210615,20210617,20210619,20210622,20210623,20210624,20210625,20210626,20210627,20210628,20210630,20210702 
