======== Last: 20210705 ========= 
Number is 09 
G.1.1_index_1_VS_G.3.4_index_4 [1] 
Ngay: 20210603,20210605,20210607,20210613,20210615,20210620,20210622,20210623,20210624,20210625,20210626,20210627,20210628,20210701 
G.5.6_index_3_VS_G.2.2_index_5 [2] 
Ngay: 20210530,20210608,20210609,20210615,20210618,20210619,20210623,20210624,20210625,20210626,20210627,20210628,20210630,20210701,20210703 
Number is 20 
G.5.2_index_2_VS_G.3.2_index_1 [3] 
Ngay: 20210603,20210604,20210605,20210606,20210608,20210610,20210611,20210621,20210623,20210624,20210625,20210626,20210627,20210628,20210701,20210702,20210704 
Number is 50 
G.3.3_index_3_VS_G.3.2_index_1 [4] 
Ngay: 20210604,20210606,20210608,20210609,20210610,20210613,20210614,20210615,20210620,20210623,20210624,20210625,20210626,20210627,20210628,20210701,20210702,20210703,20210704 
Number is 54 
G.3.6_index_3_VS_G.5.3_index_2 [5] 
Ngay: 20210602,20210604,20210605,20210611,20210612,20210615,20210618,20210623,20210624,20210625,20210626,20210627,20210628,20210703 
Number is 55 
G.5.5_index_3_VS_G.1.1_index_3 [6] 
Ngay: 20210530,20210531,20210604,20210609,20210610,20210611,20210612,20210617,20210620,20210621,20210622,20210623,20210624,20210625,20210626,20210627,20210628,20210629,20210630,20210702,20210704 
G.3.1_index_1_VS_G.3.6_index_3 [7] 
Ngay: 20210601,20210603,20210604,20210605,20210608,20210609,20210612,20210613,20210615,20210617,20210619,20210622,20210623,20210624,20210625,20210626,20210627,20210628,20210630,20210702 
Number is 59 
G.3.1_index_1_VS_G.7.2_index_2 [8] 
Ngay: 20210530,20210601,20210603,20210604,20210610,20210612,20210614,20210616,20210617,20210619,20210620,20210621,20210622,20210623,20210624,20210625,20210626,20210627,20210628,20210629,20210701,20210702,20210703 
Number is 61 
G.5.3_index_1_VS_G.4.2_index_2 [9] 
Ngay: 20210530,20210602,20210604,20210605,20210606,20210610,20210613,20210615,20210616,20210623,20210624,20210625,20210626,20210627,20210628,20210629,20210701 
Number is 62 
G.3.6_index_1_VS_G.4.4_index_2 [10] 
Ngay: 20210530,20210531,20210601,20210602,20210606,20210609,20210610,20210613,20210618,20210621,20210622,20210623,20210624,20210625,20210626,20210627,20210628,20210703 
Number is 70 
G.4.2_index_3_VS_G.3.5_index_2 [11] 
Ngay: 20210601,20210603,20210606,20210607,20210608,20210609,20210613,20210614,20210615,20210617,20210620,20210623,20210624,20210625,20210626,20210627,20210628,20210629 
Number is 76 
G.3.4_index_2_VS_G.6.3_index_1 [12] 
Ngay: 20210530,20210531,20210601,20210604,20210608,20210609,20210614,20210615,20210620,20210622,20210623,20210624,20210625,20210626,20210627,20210628 
Number is 89 
G.3.6_index_5_VS_G.2.1_index_3 [13] 
Ngay: 20210530,20210531,20210602,20210603,20210612,20210613,20210614,20210621,20210622,20210623,20210624,20210625,20210626,20210627,20210628,20210702,20210703 
Number is 98 
G.3.4_index_4_VS_G.3.6_index_5 [14] 
Ngay: 20210601,20210605,20210621,20210623,20210624,20210625,20210626,20210627,20210628,20210629,20210701 
Number is 99 
G.3.3_index_5_VS_G.2.2_index_5 [15] 
Ngay: 20210601,20210603,20210604,20210608,20210623,20210624,20210625,20210626,20210627,20210628,20210629,20210701,20210703 
