======== Current: 20210630 ========= 
Number is 00 
G.3.1_index_1_VS_G.7.2_index_2 [1] 
20210530,20210601,20210603,20210604,20210610,20210612,20210614,20210616,20210617,20210619,20210620,20210621,20210622,20210623,20210624,20210625,20210626,20210627,20210628,20210629,20210701,20210702,20210703 
Number is 08 
G.3.1_index_1_VS_G.5.1_index_2 [2] PLUS 1 
20210608,20210611,20210612,20210613,20210614,20210615,20210616,20210617,20210619,20210624,20210625,20210626,20210627,20210628,20210629,20210630,20210701,20210702,20210703 
Number is 09 
G.7.1_index_1_VS_G.5.3_index_4 [3] 
20210530,20210602,20210603,20210606,20210607,20210608,20210610,20210611,20210614,20210616,20210617,20210618,20210624,20210625,20210626,20210627,20210628,20210629,20210702,20210703 
Number is 11 
G.3.3_index_5_VS_G.2.2_index_5 [4] 
20210601,20210603,20210604,20210608,20210623,20210624,20210625,20210626,20210627,20210628,20210629,20210701,20210703 
Number is 17 
G.5.5_index_2_VS_G.3.2_index_4 [5] 
20210601,20210603,20210608,20210612,20210618,20210620,20210624,20210625,20210626,20210627,20210628,20210629,20210701,20210704 
Number is 29 
G.1.1_index_4_VS_G.3.4_index_4 [6] 
20210531,20210601,20210602,20210604,20210607,20210608,20210609,20210610,20210611,20210613,20210614,20210615,20210624,20210625,20210626,20210627,20210628,20210629,20210701,20210702,20210704 
Number is 30 
G.5.5_index_3_VS_G.1.1_index_3 [7] PLUS 1 
20210530,20210531,20210604,20210609,20210610,20210611,20210612,20210617,20210620,20210621,20210622,20210623,20210624,20210625,20210626,20210627,20210628,20210629,20210630,20210702,20210704 
Number is 31 
G.5.4_index_2_VS_G.5.6_index_2 [8] PLUS 1 
20210602,20210606,20210610,20210611,20210612,20210613,20210614,20210619,20210624,20210625,20210626,20210627,20210628,20210629,20210630,20210701,20210703,20210704 
Number is 35 
G.5.6_index_4_VS_G.1.1_index_2 [9] 
20210604,20210605,20210609,20210610,20210611,20210616,20210618,20210621,20210624,20210625,20210626,20210627,20210628,20210629,20210701,20210702,20210703 
Number is 36 
G.5.2_index_3_VS_G.5.6_index_1 [10] PLUS 1 
20210601,20210604,20210606,20210608,20210611,20210613,20210618,20210619,20210620,20210622,20210624,20210625,20210626,20210627,20210628,20210629,20210630,20210702 
Number is 46 
G.6.2_index_1_VS_G.5.3_index_3 [11] PLUS 1 
20210531,20210602,20210605,20210606,20210610,20210618,20210619,20210620,20210621,20210624,20210625,20210626,20210627,20210628,20210629,20210630,20210704 
Number is 48 
G.5.1_index_4_VS_G.3.6_index_2 [12] 
20210604,20210606,20210616,20210619,20210622,20210624,20210625,20210626,20210627,20210628,20210629,20210701 
Number is 52 
G.7.2_index_1_VS_G.6.1_index_3 [13] 
20210530,20210601,20210606,20210607,20210608,20210609,20210610,20210611,20210613,20210616,20210617,20210618,20210619,20210621,20210622,20210624,20210625,20210626,20210627,20210628,20210629,20210701,20210702 
G.5.3_index_1_VS_G.4.2_index_2 [14] 
20210530,20210602,20210604,20210605,20210606,20210610,20210613,20210615,20210616,20210623,20210624,20210625,20210626,20210627,20210628,20210629,20210701 
Number is 55 
G.7.1_index_2_VS_G.7.2_index_1 [15] 
20210530,20210608,20210609,20210610,20210611,20210612,20210613,20210617,20210619,20210622,20210624,20210625,20210626,20210627,20210628,20210629,20210701,20210702 
Number is 60 
G.3.5_index_1_VS_G.3.1_index_1 [16] 
20210530,20210601,20210605,20210606,20210608,20210612,20210613,20210615,20210617,20210618,20210619,20210622,20210624,20210625,20210626,20210627,20210628,20210629,20210702 
Number is 65 
G.4.2_index_3_VS_G.3.5_index_2 [17] 
20210601,20210603,20210606,20210607,20210608,20210609,20210613,20210614,20210615,20210617,20210620,20210623,20210624,20210625,20210626,20210627,20210628,20210629 
Number is 70 
G.2.1_index_2_VS_G.3.1_index_1 [18] PLUS 1 
20210608,20210611,20210613,20210614,20210617,20210619,20210620,20210622,20210624,20210625,20210626,20210627,20210628,20210629,20210630,20210701,20210702 
Number is 86 
G.DB_index_5_VS_G.5.2_index_1 [19] 
20210601,20210603,20210604,20210606,20210610,20210612,20210618,20210621,20210622,20210624,20210625,20210626,20210627,20210628,20210629,20210702 
Number is 92 
G.3.4_index_4_VS_G.3.6_index_5 [20] 
20210601,20210605,20210621,20210623,20210624,20210625,20210626,20210627,20210628,20210629,20210701 
Number is 97 
G.3.4_index_4_VS_G.3.3_index_4 [21] 
20210601,20210609,20210612,20210614,20210621,20210624,20210625,20210626,20210627,20210628,20210629,20210701,20210702 
