======== Last: 20210705 ========= 
Number is 18 
G.DB_index_5_VS_G.5.2_index_1 [1] 
Ngay: 20210601,20210603,20210604,20210606,20210610,20210612,20210618,20210621,20210622,20210624,20210625,20210626,20210627,20210628,20210629,20210702 
Number is 19 
G.1.1_index_4_VS_G.3.4_index_4 [2] 
Ngay: 20210531,20210601,20210602,20210604,20210607,20210608,20210609,20210610,20210611,20210613,20210614,20210615,20210624,20210625,20210626,20210627,20210628,20210629,20210701,20210702,20210704 
Number is 25 
G.5.2_index_3_VS_G.5.6_index_1 [3] 
Ngay: 20210601,20210604,20210606,20210608,20210611,20210613,20210618,20210619,20210620,20210622,20210624,20210625,20210626,20210627,20210628,20210629,20210630,20210702 
Number is 32 
G.6.2_index_1_VS_G.5.3_index_3 [4] 
Ngay: 20210531,20210602,20210605,20210606,20210610,20210618,20210619,20210620,20210621,20210624,20210625,20210626,20210627,20210628,20210629,20210630,20210704 
Number is 45 
G.3.5_index_1_VS_G.3.1_index_1 [5] 
Ngay: 20210530,20210601,20210605,20210606,20210608,20210612,20210613,20210615,20210617,20210618,20210619,20210622,20210624,20210625,20210626,20210627,20210628,20210629,20210702 
Number is 48 
G.7.1_index_2_VS_G.7.2_index_1 [6] 
Ngay: 20210530,20210608,20210609,20210610,20210611,20210612,20210613,20210617,20210619,20210622,20210624,20210625,20210626,20210627,20210628,20210629,20210701,20210702 
Number is 49 
G.5.6_index_4_VS_G.1.1_index_2 [7] 
Ngay: 20210604,20210605,20210609,20210610,20210611,20210616,20210618,20210621,20210624,20210625,20210626,20210627,20210628,20210629,20210701,20210702,20210703 
Number is 54 
G.5.5_index_2_VS_G.3.2_index_4 [8] 
Ngay: 20210601,20210603,20210608,20210612,20210618,20210620,20210624,20210625,20210626,20210627,20210628,20210629,20210701,20210704 
Number is 55 
G.5.5_index_3_VS_G.1.1_index_3 [9] 
Ngay: 20210530,20210531,20210604,20210609,20210610,20210611,20210612,20210617,20210620,20210621,20210622,20210623,20210624,20210625,20210626,20210627,20210628,20210629,20210630,20210702,20210704 
G.3.1_index_1_VS_G.5.1_index_2 [10] 
Ngay: 20210608,20210611,20210612,20210613,20210614,20210615,20210616,20210617,20210619,20210624,20210625,20210626,20210627,20210628,20210629,20210630,20210701,20210702,20210703 
G.2.1_index_2_VS_G.3.1_index_1 [11] 
Ngay: 20210608,20210611,20210613,20210614,20210617,20210619,20210620,20210622,20210624,20210625,20210626,20210627,20210628,20210629,20210630,20210701,20210702 
Number is 58 
G.5.1_index_4_VS_G.3.6_index_2 [12] 
Ngay: 20210604,20210606,20210616,20210619,20210622,20210624,20210625,20210626,20210627,20210628,20210629,20210701 
Number is 59 
G.3.1_index_1_VS_G.7.2_index_2 [13] 
Ngay: 20210530,20210601,20210603,20210604,20210610,20210612,20210614,20210616,20210617,20210619,20210620,20210621,20210622,20210623,20210624,20210625,20210626,20210627,20210628,20210629,20210701,20210702,20210703 
Number is 61 
G.5.3_index_1_VS_G.4.2_index_2 [14] 
Ngay: 20210530,20210602,20210604,20210605,20210606,20210610,20210613,20210615,20210616,20210623,20210624,20210625,20210626,20210627,20210628,20210629,20210701 
Number is 70 
G.4.2_index_3_VS_G.3.5_index_2 [15] 
Ngay: 20210601,20210603,20210606,20210607,20210608,20210609,20210613,20210614,20210615,20210617,20210620,20210623,20210624,20210625,20210626,20210627,20210628,20210629 
Number is 84 
G.7.1_index_1_VS_G.5.3_index_4 [16] 
Ngay: 20210530,20210602,20210603,20210606,20210607,20210608,20210610,20210611,20210614,20210616,20210617,20210618,20210624,20210625,20210626,20210627,20210628,20210629,20210702,20210703 
Number is 87 
G.7.2_index_1_VS_G.6.1_index_3 [17] 
Ngay: 20210530,20210601,20210606,20210607,20210608,20210609,20210610,20210611,20210613,20210616,20210617,20210618,20210619,20210621,20210622,20210624,20210625,20210626,20210627,20210628,20210629,20210701,20210702 
Number is 91 
G.5.4_index_2_VS_G.5.6_index_2 [18] 
Ngay: 20210602,20210606,20210610,20210611,20210612,20210613,20210614,20210619,20210624,20210625,20210626,20210627,20210628,20210629,20210630,20210701,20210703,20210704 
Number is 93 
G.3.4_index_4_VS_G.3.3_index_4 [19] 
Ngay: 20210601,20210609,20210612,20210614,20210621,20210624,20210625,20210626,20210627,20210628,20210629,20210701,20210702 
Number is 98 
G.3.4_index_4_VS_G.3.6_index_5 [20] 
Ngay: 20210601,20210605,20210621,20210623,20210624,20210625,20210626,20210627,20210628,20210629,20210701 
Number is 99 
G.3.3_index_5_VS_G.2.2_index_5 [21] 
Ngay: 20210601,20210603,20210604,20210608,20210623,20210624,20210625,20210626,20210627,20210628,20210629,20210701,20210703 
